$0,$1,$2,$3,$4,$5,$6,$7,$8,$9,$10,$<0,$<1,$<2
0.039965577897,0.38020538507,0.287986425157,0.742070450472,0.503312448763,0.59070748149,0.769819523838,0.578039677959,0.205390016741,0.415316181487,0.144355991449,1.38372558489,3.16804419997,122.784668314
0.0978202145459,0.0197996643444,0.674841482239,0.482767001169,0.693051375396,0.0990848802921,0.340756850929,0.106806861644,0.90647724132,0.0838098460316,0.0897932499311,0.0836470887573,12.7354036424,119.82911402
0.00123796662132,0.758441572521,0.609728806542,0.552552865555,0.0904590488158,0.518598741188,0.911263290557,0.229528506623,0.285602316013,0.0498557050704,0.0403722317992,0.0577525027972,0.0471307528473,157.411070714
0.870123224202,0.0497509051423,0.664589983951,0.619289934894,0.826216756115,0.979014337448,0.573426426086,0.201148494055,0.500300482194,3.00113245684,1.84495382317,2.44575740863,139.275212082,21.8769665172
0.136526665076,0.394491314415,0.0576143471456,0.0248107668159,0.689504220325,0.983221419642,0.0876621131552,0.575731710696,0.0784297431714,0.012990322377,0.510585690949,8.56402176858,13.9486452223,145.694480707
0.588977147407,0.00268489333441,0.842483032317,0.680229464775,0.997006651569,0.391707461263,0.781653644068,0.883473322538,0.714002650393,0.0969841147577,0.0455914715406,0.0266570045424,62.8621693169,43.9870149956
0.100833849934,0.501362701952,0.495959515355,0.989730956858,0.502185623742,0.108395304488,0.795627186598,0.0925166483819,0.805648230911,1.07190477694,0.0111216450514,1.10067282857,2.17182867775,38.839569067
0.942302676396,0.00556793975873,0.106028025453,0.608427917709,0.561675397862,0.482371361609,0.353274217729,0.0424633847895,0.937422142355,0.140545146196,0.0904520551246,1.94764566535,389.104840986,23.9583420001
0.716575343397,0.0241339471409,0.94069701676,0.994253672932,0.480175746629,0.916973972961,0.396358455081,0.775596840587,0.8142820098,2.37116844408,0.0137042585649,0.150346034264,102.512609623,41.5492173351
0.268116502944,0.460540829455,0.987703594071,0.290080871244,0.0213978898503,0.80538502838,0.068152439096,0.201054230102,0.191312825628,5.4842717121,13.4217378037,0.235370174716,22.4214491974,113.45496536
0.0571332652693,0.149042891695,0.0404216289218,0.0939658843829,0.288279930095,0.0201896577464,0.999911882671,0.432126206422,0.337858033428,0.00757332026765,0.0730231676746,1.91329861456,11.3841001834,220.776226828
0.524893229737,0.061399731914,0.0331709721073,0.202919421324,0.491649225548,0.166234653416,0.210842178882,0.428091145855,0.33580461782,0.0535727783054,0.210437329529,7.69506046086,121.668051905,117.331906773
0.00254041219336,0.513670843819,0.696796868674,0.983547234799,0.110784257281,0.423708898981,0.619482982325,0.307303034723,0.317146122226,0.119929814591,0.00200618436029,0.0530590454199,0.165680402711,133.761754061
0.484924067482,0.338116786033,0.000734823037583,0.803252277599,0.400934768727,0.896418169005,0.246910417901,0.870464007395,0.413768121155,0.0194834487899,0.00477225434752,32.9846483416,64.6168436503,103.695973048
0.00922522375733,0.34714119651,0.0538978524648,0.615654756779,0.124887873966,0.693289349155,0.302820905552,0.640772113974,0.0842121899592,0.0202190218185,0.0126224718854,0.576486934091,1.1459470449,188.513873424
0.951700830546,0.441665717041,0.626083107345,0.70700080732,0.695640025038,0.707851893449,0.952752179506,0.0859685880047,0.518598778219,33.3275221548,13.8117764284,28.1530995508,95.1813226665,8.65160443716
0.354320516904,0.752456853146,0.101350418614,0.584933150806,0.193778878011,0.20146856462,0.694110399279,0.496093423027,0.88095377873,0.938563227421,0.666001714962,14.2272881898,5.20836075649,38.3416533329
0.428553064269,0.981082403936,0.988000375943,0.919050020617,0.595270594248,0.664755052201,0.59534572648,0.107568473168,0.338132687658,71.9180071148,6.33454225843,0.950405684901,1.52722085816,107.64830658
0.768689914565,0.69801949524,0.118344646637,0.719473504365,0.412990795486,0.84170996661,0.484969663119,0.292145337584,0.398920892045,6.63766495801,2.58806040608,68.7306978985,33.7258775817,33.6068446592
0.261112043072,0.0990933692475,0.124514616441,0.576771281249,0.821868807337,0.795144021707,0.940734539012,0.286913025811,0.198838933661,0.328825153153,0.241288449662,4.00857457943,41.6271096125,130.751945139
0.0174609214347,0.444433313078,0.909020848811,0.0569815936138,0.229929822214,0.479405877858,0.788820940284,0.0298436631645,0.13283214469,0.111805085652,1.85032125308,0.196378981909,2.69825329111,273.293431223
0.438197764852,0.148880685682,0.992606648397,0.910719699975,0.467021108822,0.0948341216669,0.771843553675,0.419249414901,0.290498719795,11.3493534569,1.11260762422,0.0928219250642,71.7730325777,108.114552561
0.536762430804,0.730582418479,0.643507382382,0.996491980063,0.284897483919,0.0859807560399,0.441698095632,0.114260347195,0.711227313103,46.3499388872,0.163168909483,25.7675047808,26.6549910577,85.3835624565
0.450141180264,0.0825440067955,0.78532307319,0.809123964984,0.706286206744,0.429316447169,0.799855731546,0.266106159646,0.115988453556,4.35406842049,1.02714460609,1.47101532413,76.1608045359,101.402516115
0.781176395933,0.598191991178,0.903100342438,0.657429563446,0.738009244949,0.875897311525,0.845481037843,0.578731146561,0.900151317959,81.7675658161,42.6070750009,13.3449845363,92.5068360242,64.4911754791
0.301574953064,0.309884456056,0.718339242664,0.294823573143,0.597987069548,0.706690234199,0.225512779154,0.521783685381,0.697679791531,2.09236615134,5.00464488151,2.78273743604,22.0022910327,73.8364201305
0.323733765529,0.575002786612,0.830527286636,0.579718782416,0.298860724442,0.189760288452,0.236592136555,0.303279779212,0.28445049218,11.7903129308,8.54767384561,4.15005486132,18.0996504707,88.9638994869
0.654811871432,0.964299676354,0.58201043258,0.138128288169,0.623514994357,0.0134928807938,0.528043992962,0.999753152866,0.78637991631,8.56428138015,53.4380897031,44.529002948,3.94400685246,58.2377804127
0.779754416067,0.792938867574,0.964398821177,0.28490516626,0.212295227271,0.435002310466,0.534623374144,0.730166934754,0.198088647658,42.5454192823,106.78644381,5.51264709702,40.4347433843,55.1576141759
0.372172307773,0.784951182265,0.715701837909,0.245583578612,0.802099348806,0.304476339395,0.445336595385,0.997559237476,0.0118344068042,7.46948982298,22.9457759908,12.0818526827,11.642705045,91.3299559416
0.383762910264,0.258015173831,0.424747454601,0.722799509974,0.176433392386,0.172048498623,0.198380917195,0.513614741276,0.608818638511,4.43609975733,1.70128646958,8.31210878578,41.5530059183,89.9274454843
0.598499144644,0.705115448842,0.0334057705874,0.905938021677,0.0102012486616,0.29347939092,0.173563962589,0.696097390593,0.555836881393,2.41091599213,0.25032123872,77.0027604573,33.3160792893,75.7922512515
0.71861886913,0.0790688785868,0.88499188578,0.978862164368,0.994963338241,0.993726098025,0.614918822566,0.390595265907,0.154543052757,8.13853691427,0.175745944466,1.080473175,109.422611831,46.5239179948
0.84898705339,0.0503401518266,0.680915268635,0.510122809792,0.429197428652,0.242574258764,0.173008872117,0.441587850177,0.300565127581,4.73124049109,4.54346826584,4.34623526379,256.957183507,48.1288850791
0.6570766298,0.0494042258938,0.876491751907,0.374052619437,0.416839500583,0.226209658614,0.259371337053,0.0377723253845,0.00847174176386,3.12872688668,5.23567620556,1.17864517266,183.61954243,100.810108887
0.699160933828,0.0889447497798,0.956779806947,0.586010305331,0.408317617379,0.481553683833,0.255696984907,0.470378317181,0.231244469742,9.57113486146,6.76157255749,0.73779020272,174.851989809,82.5815332388
0.631124533215,0.209696270469,0.0851537997675,0.973292029006,0.849864082275,0.0786846491856,0.880541686271,0.59855790348,0.0294727514315,2.95966583834,0.0812157780054,32.6695813888,134.585665415,99.5335477498
0.18094820849,0.732542884832,0.8461729362,0.397329063808,0.569087686297,0.708698296484,0.897044397157,0.512595882025,0.129159158318,7.65417980343,11.609902542,3.50204680063,8.31209114309,140.673799521
0.19668154634,0.135427032661,0.962043439758,0.745868033972,0.491674254856,0.973154682972,0.798201231143,0.662602822499,0.110646231818,3.51173885004,1.19651876403,0.185760077329,31.2436543467,147.599301311
0.00998138807049,0.324421262197,0.445710531203,0.895843969178,0.612057117605,0.506430058008,0.513827635956,0.458672328029,0.311467398836,0.1856710714,0.0215871987767,0.257748176087,0.968335015744,142.168074682
0.0442480972129,0.552562616611,0.986544305192,0.176552757609,0.162444442539,0.218909393687,0.175063792434,0.647942243993,0.512335776616,1.26480889456,5.89910579978,0.0977102085028,5.88009819703,283.859140839
0.0815038937503,0.945110461507,0.857809623461,0.400120037018,0.460455870735,0.496144334112,0.506636070567,0.100817577626,0.466399922106,4.75183430767,7.12418755588,1.96856735385,0.804057455418,165.080762547
0.201677633934,0.0119691489801,0.835052382674,0.877714540471,0.138174010582,0.414985316023,0.244520865824,0.970501686303,0.0602023145503,0.689809266469,0.0961060108361,0.155241581368,77.6907375423,311.257122379
0.0657253681084,0.104464342894,0.228249806163,0.110039737398,0.385001412235,0.958511351167,0.0324208058153,0.898533130258,0.015592810232,0.0432384622535,0.349696519926,1.32857790226,14.7579176729,234.252228033
0.96664976367,0.361148940846,0.684363046922,0.703163268755,0.477086397439,0.472802541307,0.570809310932,0.354360981634,0.323477903906,52.1042492561,21.9955389031,34.1757660112,191.533034266,10.3436504657
0.718467653617,0.598557678689,0.439717066543,0.399092490135,0.384845663383,0.153342016172,0.790076644109,0.919138708213,0.319228788428,16.2537687055,24.4730530395,51.8936945911,62.1189843566,60.6348448519
0.467874672692,0.350218333761,0.241126123166,0.780370488041,0.894729653557,0.538128663346,0.535971501168,0.289461898877,0.505739477932,6.03307237784,1.69796367528,24.3311725189,59.4869922586,104.121148889
0.35096352794,0.688444904435,0.063378348788,0.483194956818,0.192405842518,0.251099306744,0.274755639314,0.705006380235,0.79748238107,1.30748287923,1.39842880462,39.9886636025,19.3213899874,114.686057406
0.774664095287,0.862617735152,0.348638035132,0.215146259112,0.911916748279,0.254294745631,0.233302912556,0.618255427393,0.72588198268,14.4104266022,52.5692488135,125.138420335,30.5971208763,64.7838658552
0.85821380275,0.70085432593,0.591064749106,0.249608580598,0.309842485044,0.265356331127,0.578558975458,0.455369769434,0.121201050708,24.3724821208,73.2703235169,67.5553486853,70.5115334267,38.9417883678
0.631712452582,0.322390636657,0.569595850254,0.686532122528,0.224432186808,0.89454392141,0.505282438961,0.7567662326,0.490938732199,13.7516281789,6.27893955076,15.1357132759,73.9134409435,63.5933376103
0.578058723371,0.470138968719,0.267856764201,0.697764461266,0.710907699759,0.320500494722,0.413580381657,0.170569500021,0.40838477068,7.39252532383,3.20206029095,28.9585899281,44.5776414592,61.4094431837
0.539911564591,0.0585930368111,0.538213959369,0.1272670035,0.76973449426,0.485599327549,0.101669827263,0.451785870421,0.743499479131,0.642184570003,4.40377826673,4.32942170856,150.633125946,136.352080733
0.524950440829,0.354312380227,0.240980421836,0.392995481981,0.287057139752,0.57351368994,0.405139716579,0.243724876529,0.992363524444,3.41004120924,5.26700818596,27.3302300721,65.6185215963,91.9654280496
0.484249896296,0.706827773312,0.815783893464,0.3035752592,0.0742200956141,0.583912034452,0.797183755128,0.79018471218,0.525626363922,13.2596932525,30.4187451271,9.86323942202,22.2075779905,80.6767060336
0.44614546315,0.656160245077,0.366998739538,0.768758744761,0.63683567207,0.70509377048,0.242577948002,0.71006670979,0.50955969951,17.2236275459,5.18083635551,38.6433313297,31.990141293,115.499287787
0.53259533407,0.304283654434,0.459168683473,0.591259868026,0.113360926464,0.0721477778592,0.420783807787,0.491649551237,0.0319923562328,9.6274342596,6.65548088521,19.1788132589,81.0799519888,102.276760058
0.520570989143,0.409585430725,0.676469821893,0.191608728492,0.23590690288,0.619858754462,0.22652171714,0.70042254528,0.491483360134,5.19601929415,21.9218439423,12.9694582653,57.7855970509,90.1377862193
0.691400663274,0.214105974457,0.776443865381,0.989353239511,0.117737864196,0.963525675526,0.502575626692,0.130046596264,0.0602487826007,34.3722870191,0.369891655211,10.0030762286,164.241229554,93.2788958903
0.844036029761,0.576028327463,0.47842409931,0.22392745998,0.53260026095,0.474121476848,0.179647918154,0.868420713602,0.652451068969,17.9439952093,62.1890765047,87.360731022,123.279749103,53.7301678911
0.0292680467124,0.414624840443,0.613819817394,0.210144977921,0.319224554167,0.954398372921,0.437357156332,0.800890833015,0.6780043884,0.430236662181,1.61709592905,1.28806410535,4.70897588133,266.807333686
0.178358284988,0.108805254437,0.505263285756,0.500930666655,0.414567732293,0.670883964667,0.420682254628,0.943671623179,0.105395814306,1.16961257627,1.1652665879,2.28623467884,37.8503078445,195.652765761
0.0392340347899,0.888646461608,0.228406323333,0.520689141442,0.49137405382,0.973348960444,0.851024435835,0.982055269161,0.0498905265741,1.37003119085,1.26115713594,8.88858174085,1.4435067419,317.445687727
0.0372517734943,0.344077298138,0.200295871303,0.841425881081,0.622186026527,0.113529496361,0.863744382139,0.609102610566,0.242228827898,0.566091805408,0.106684987101,2.68613813735,6.40317907646,252.295067052
0.342793515902,0.246503991959,0.968010619775,0.449098866514,0.224899266069,0.157121957025,0.166758058322,0.368856713189,0.0894271142175,11.9010588689,14.5988050949,0.875728227492,83.6797784489,212.916249266
0.532705671327,0.531905032033,0.517958398702,0.0225727363641,0.153821701854,0.744249234194,0.0622284919927,0.991232431633,0.48763415218,1.10703529353,47.9359905796,45.6422345571,83.326329474,156.153408679
0.222435087262,0.0873244171637,0.721014540864,0.237714556963,0.377186603891,0.0701078549511,0.106123119656,0.854280650615,0.689309266002,0.823372961199,2.6403314569,1.34022701711,50.2085334771,192.306721955
0.554532307596,0.2029289929,0.294727771271,0.95114703354,0.0433584673151,0.446978410496,0.369898455705,0.824749016778,0.717413391993,11.2423787741,0.577432861392,28.2843549469,157.522431812,158.757683796
0.0544749277482,0.806500646102,0.884598068905,0.573304397047,0.612240387126,0.56675400185,0.846041844121,0.877095151691,0.25561370749,7.68894329067,5.7226811976,1.7496390954,3.63756026966,326.292480172
0.0608236056093,0.106772729017,0.646057677033,0.337609767521,0.268562259976,0.177982098351,0.0404374734196,0.269950567597,0.669110069496,0.507518747113,0.99575158431,0.823565777586,19.4655834576,336.496428132
0.172002317527,0.0275209325943,0.526913127692,0.488009042589,0.49612083954,0.523271602848,0.65863270811,0.47115272941,0.243551399316,0.367497485681,0.385557178493,0.676127158402,50.5015373738,249.987998778
0.044658991048,0.191133130493,0.69123044012,0.135991527025,0.392414380842,0.341583994146,0.0105813803809,0.719674910552,0.066212767372,0.196847577784,1.25065126343,0.646591287344,8.86209587205,234.373718314
0.310080160927,0.921375982124,0.00437713410804,0.807417720364,0.777112091784,0.169504127218,0.74924499623,0.2016400903,0.809240443114,0.243190444207,0.0580048826646,68.5098850369,5.87187393372,166.167521509
0.0991057451382,0.0507010121407,0.372295660326,0.652026779492,0.616640239236,0.255093816689,0.333969407898,0.874760714346,0.436131979194,0.42059745221,0.224464170163,1.08759790368,32.4414023496,310.650164288
0.0610906508746,0.544027412337,0.839824665806,0.840696049483,0.00236966612828,0.933593894974,0.7132432035,0.344259640427,0.384826713167,5.55794639102,1.05317827697,1.26090497959,6.59788394328,222.389792169
0.0562505496166,0.73459406797,0.118325939851,0.670872315768,0.197403787056,0.293195297734,0.775632513328,0.643353885685,0.687424665135,0.582204536475,0.285627572245,6.4664186043,2.64983578156,167.509050241
0.54668984462,0.528710441895,0.921752890992,0.128618200935,0.15998756522,0.560399965472,0.208904365861,0.913146710429,0.15534067978,11.1810327575,75.7509308077,7.37960780579,84.0688121013,147.911361706
0.0424280112217,0.395878758329,0.212911472172,0.773307784074,0.583586888542,0.791786029096,0.216305397001,0.0057133598692,0.0550841327874,0.516451275886,0.151395714048,2.46888858904,4.78673976033,178.827567454
0.159990862416,0.0476073401901,0.46514749316,0.229411859823,0.181410035308,0.737363360956,0.269810620455,0.852479904077,0.0639385931747,0.316696153287,1.06377368612,1.58734114465,59.3715461865,327.303877632
0.451254014562,0.578868675488,0.344719767645,0.27415736016,0.739943211532,0.889402677678,0.862632811933,0.671010620136,0.208532172294,6.88141465269,18.2188221189,47.7132167274,52.9723362358,152.961402923
0.511939663578,0.629132108121,0.329613198822,0.0665608910292,0.372019925379,0.0822403644339,0.37417914569,0.837490323584,0.328939485105,2.15867573469,30.2729173722,65.9612904998,58.0017469274,149.099633069
0.596759378682,0.369124526721,0.546738499736,0.738197530344,0.735702779361,0.63524523311,0.418114362946,0.210534490696,0.384186726943,20.7017695889,7.3419026505,23.2489882426,87.6649453365,93.8960547732
0.650254083673,0.343347870512,0.143255726246,0.317978664476,0.563149497047,0.653131403204,0.41872816311,0.251547980759,0.318997927627,3.57988626081,7.67837305262,67.3302872561,150.300441302,123.110320735
0.570513934685,0.524757649813,0.657467936677,0.480601233033,0.351492810892,0.885108378476,0.906279436151,0.479204408711,0.478944009809,20.4288665684,22.0780293035,22.1455282246,58.5519238907,92.7489188778
0.0872065345167,0.254373765449,0.372981696624,0.20625930774,0.0236828222004,0.618907437687,0.132056781409,0.467875858956,0.720533549415,0.474828790409,1.82726751551,3.87004652778,18.0919270982,253.972762507
0.0680678662626,0.262879091459,0.862458244524,0.298287516274,0.735571724413,0.368503852833,0.867378728576,0.22735320008,0.0433007988657,1.84934923871,4.35053891555,0.988735983343,20.1571191001,374.396587456
0.0809913311701,0.819587718774,0.324181744846,0.815636393697,0.0671784315769,0.42443708526,0.147949757295,0.874962015062,0.0924580825444,5.41864888613,1.22481249936,13.8495536936,4.51103831222,283.721004341
0.446770563831,0.0487373800293,0.291449982818,0.892073200099,0.572506666146,0.840438467981,0.0491061478438,0.156430960771,0.644143718824,2.63393384566,0.318664489732,7.17812223231,197.732741966,257.39427681
0.257457037409,0.042302797605,0.21049076259,0.801639679774,0.348480445401,0.166486849367,0.58905574106,0.658582466779,0.433880643033,0.670931700748,0.166017514312,3.13923104464,90.0171366086,271.090185273
0.533575208742,0.333563085513,0.205460006803,0.467632873394,0.0223925468312,0.154903108535,0.958223793583,0.309972590604,0.0270368338994,5.81741711798,6.62272011137,48.1075938008,120.970349536,158.674037794
0.599706591825,0.248955844895,0.304439553246,0.554454355844,0.859078051322,0.873260249263,0.753903580685,0.772714439069,0.801690595407,8.28845577649,6.66039562873,34.1540041398,148.132343194,131.650962306
0.176619628607,0.80873761126,0.42378613248,0.847874515706,0.90359681031,0.154552028331,0.11242176667,0.370988538992,0.0899913581858,11.1428439087,1.9992469341,17.8690485871,7.333978935,178.760526502
