$0,$1,$2,$3,$4,$5,$6,$7,$8,$9,$10,$11,$12,$13,$14,$15,$<0,$<1,$<2
0.141768140062,0.572111738021,0.0637584138079,0.772507410014,0.389534577773,0.113490534706,0.438643085536,0.375947091261,0.370205092561,0.75730299577,0.544798796037,0.584054840628,0.349918548875,0.994092163745,0.325382545023,0.871465061536,0.0934765102876,1.17492859405,0.34000771048
0.97388854869,0.938774429429,0.387743107104,0.608394386381,0.0681973252783,0.210908631617,0.565949818207,0.855495221592,0.0457245042014,0.95290935279,0.54063743711,0.16446688357,0.849144665455,0.534773209742,0.00381958722023,0.00540569075702,0.00461692024377,0.0836536568313,2.04786798944
0.990626731185,0.429489127484,0.917953085367,0.0685267571581,0.216979231653,0.426455147198,0.404298029919,0.723264325621,0.186908406868,0.665095880838,0.270001763605,0.536533071551,0.164724755103,0.901654914088,0.00234736470523,0.000253654473164,0.018218199694,0.014693400759,1.59759525627
0.244669593263,0.869647816594,0.597098286738,0.849635044346,0.502831169472,0.913735013625,0.788796114415,0.59867105679,0.740858165242,0.790590826474,0.684088564347,0.421081231519,0.478156131468,0.3014146687,0.0387890935532,0.161161137843,0.225980487923,1.34955573683,0.557456182913
0.409866859641,0.869887180983,0.18487161796,0.672639148087,0.439649200007,0.204644237966,0.584633059574,0.682006817863,0.814060955376,0.643577325521,0.725500218047,0.845768786521,0.348102590036,0.359572980502,0.111966019658,0.198202024106,0.0680290900122,1.1462494249,0.878538761195
0.0766521044664,0.156079934522,0.463598641397,0.0275996505106,0.685541868748,0.514466394259,0.447433122506,0.332173286589,0.544747954253,0.88630227017,0.622939379965,0.740676679537,0.128625797775,0.606045670743,1.03338089221,0.0448286947987,0.922348248342,0.346746804,0.172844209956
0.520084042591,0.458401659673,0.524870746377,0.113932584008,0.717829229051,0.170832658214,0.687694013578,0.279834439857,0.542321173619,0.947895632622,0.514751215068,0.18764807166,0.403573308344,0.79277440277,0.561966274754,0.101659889511,0.617547291657,0.737813961306,1.1917930903
0.526692465783,0.990626362518,0.540245642596,0.74944684094,0.930065847228,0.832393100485,0.103600019872,0.65726601676,0.75298873989,0.0105573702961,0.68101504602,0.687756997466,0.704647839275,0.574682146094,0.00479054251024,0.01153702884,0.0141805220762,1.28339265527,1.39594386742
0.628472650663,0.959248778304,0.956046488315,0.757213907423,0.300529835006,0.737987434455,0.618160954778,0.311397623766,0.351233748251,0.195832048706,0.724585783105,0.862392454534,0.280803276408,0.407422147868,0.00135665463624,0.00338318497341,0.0527108752905,0.824293535894,1.25089190549
0.0385358031973,0.495218163422,0.752824657969,0.531868306384,0.25556862179,0.487323112373,0.362425730719,0.0913479562589,0.542033081539,0.615287149088,0.224109640685,0.160239064285,0.994728802735,0.599097403013,0.308277113546,0.340795983326,1.12350056944,1.19574979455,0.103265970793
0.900129912344,0.640432481826,0.00197727450936,0.596036642752,0.476089179637,0.0861681075957,0.143254841998,0.357364892878,0.279067493927,0.827881021624,0.939597643899,0.160669664948,0.494050453213,0.414541516342,0.0888094534729,0.120648989156,0.000465298417325,0.236420154689,1.76948826624
0.415261221189,0.33731181454,0.733533556532,0.0937262587113,0.91807381338,0.0990072324813,0.624853154629,0.742517453486,0.269077466405,0.633619908321,0.22071968307,0.564748624266,0.222726470933,0.52595423484,0.452396973554,0.0670895095843,1.02808272242,0.659055548065,0.99604480521
0.992594749839,0.676658823182,0.5465334866,0.916047054961,0.373930150564,0.303414572341,0.88608199263,0.161549536669,0.176158891072,0.987327916424,0.975100936669,0.402403855297,0.82366981832,0.756485467425,0.00100457748486,0.0075735558371,0.0088471556674,0.0210009452786,2.06616208356
0.813872813913,0.626524038118,0.320194135491,0.249432863279,0.81653607929,0.544729815599,0.715134516959,0.438123172741,0.456734747607,0.191177437651,0.87367290682,0.489080346066,0.617862183635,0.474686866752,0.181375262868,0.0749388616211,0.10796555368,0.33696105336,1.34426066726
0.477693057074,0.663854618638,0.850663664373,0.275317754989,0.802569905526,0.277200068518,0.777398811823,0.564848200614,0.6710355777,0.887989188459,0.173692854012,0.905066190506,0.873612287794,0.501135002607,0.14093883304,0.0650590087211,0.649562897062,1.1450457774,1.23579213345
0.420268609329,0.49275090549,0.326066291826,0.938980232254,0.437543239127,0.000621149106249,0.230992235039,0.579120552755,0.804133352638,0.158614309709,0.997871946444,0.43919199915,0.56086132095,0.036696985871,0.0947567018759,0.98556818148,0.556670371589,1.11029421069,1.23314944973
0.0741468396434,0.902639603875,0.0652512037886,0.929785529711,0.660200638246,0.0335263977618,0.0169976692498,0.950254246237,0.806994669908,0.915770336173,0.261351163886,0.697080562006,0.402359106076,0.245322861521,0.035064763966,0.316634633959,0.0327671176937,2.07770487311,0.245960333088
0.641820218803,0.217115157736,0.603687756077,0.933676447946,0.572744176179,0.337829658569,0.196151276925,0.683007915205,0.510382715417,0.45526777945,0.867460786712,0.7892438918,0.211566772231,0.74025580147,0.0463051009186,0.442859498903,0.620392525671,0.271026910921,1.28495895952
0.42539351179,0.500294609002,0.995340396721,0.725721972772,0.689857065629,0.114072600757,0.680758781172,0.161035616721,0.484665712607,0.185444935818,0.321188452779,0.799097452427,0.81809166581,0.116636369563,0.00305466766539,0.00664589947571,0.99930061229,1.00025272737,1.11605995998
0.447687020681,0.778660217417,0.736836136687,0.397407830339,0.168390797445,0.491828142017,0.453573937505,0.764552153238,0.852221193929,0.0141681929556,0.552304564005,0.924459866095,0.305630955777,0.336171787129,0.151609719381,0.109210504579,0.425961301871,1.28349516531,1.15742193226
0.250647263157,0.43881002275,0.844443666072,0.358693100968,0.0895358409546,0.224063925015,0.761187422467,0.74271749578,0.53994797428,0.400227065285,0.463471279461,0.314728512264,0.978833317748,0.730968749494,0.248022224896,0.156686401368,1.17663459239,0.999384193469,0.652768486612
0.417338324047,0.909034028002,0.779880129548,0.951884042969,0.106428477782,0.715569608546,0.383863727021,0.107324854512,0.299510549936,0.164556598739,0.780446086002,0.687965390522,0.825665315238,0.119532898555,0.00544994632264,0.0719706064112,0.200360003845,1.48025719994,1.15004499365
0.827683651553,0.995653430855,0.855979812898,0.524404164525,0.940429681678,0.87276479919,0.323445081075,0.312049460769,0.935966402848,0.455957382291,0.739325187577,0.618968719946,0.672043362725,0.403258253902,0.000473502189243,0.000511270957606,0.00302760023959,0.455024376095,1.6398615813
0.237205188424,0.776827553764,0.523608910826,0.964363785413,0.435853344776,0.717638763908,0.014443504945,0.81938175356,0.855377461421,0.424273684096,0.348687410776,0.504379725246,0.104216660022,0.70542372307,0.0212234028633,0.378747373723,0.408574652001,1.52470036984,0.634533800938
0.723575280172,0.981050559296,0.292801307112,0.213874661819,0.143307462863,0.773416360053,0.589301040747,0.564786931164,0.504961492553,0.778839041499,0.68874618301,0.583021720188,0.321009437964,0.697125315794,0.0148855124378,0.00519788043053,0.00781036106667,0.590955310201,1.27493696746
0.98417134265,0.524554338828,0.0117651005467,0.315584304696,0.498606069726,0.329122611446,0.638656914953,0.0565473064563,0.171888565492,0.297437737634,0.491847556388,0.863877112345,0.224294010791,0.516458456887,0.0238023024988,0.0128712461228,0.000500132801081,0.0292367553485,1.60202801534
0.00531239421402,0.900895169155,0.535731419495,0.10830554879,0.757990264918,0.0554508642239,0.333267260284,0.177887741807,0.0245997260288,0.520050849181,0.483523553893,0.47275463125,0.546044935578,0.346023570993,0.167893354084,0.0288418107778,0.190635039356,1.62899174358,0.0137601423778
0.696656520865,0.430022639467,0.193146090817,0.520680124454,0.37540187351,0.57092782512,0.186258375564,0.440426278284,0.647253330382,0.383931317791,0.626732137207,0.435242231392,0.74276630343,0.285827582447,0.299616664738,0.319743193443,0.137177247233,0.367879450337,1.13986764243
0.953354973348,0.814148618658,0.919691187644,0.126459826284,0.163656196122,0.437177526665,0.191226651605,0.351714330107,0.558773609484,0.112332654356,0.352697095368,0.832773618838,0.687399417397,0.6948072822,0.00414127052181,0.000833626482784,0.0333091500312,0.111725824792,1.58937277904
0.554553614385,0.354442761988,0.66967786977,0.559577136076,0.0786267971352,0.298079399491,0.403287971979,0.0983157084574,0.259697228711,0.356402404665,0.476404833806,0.543924517483,0.0876757326361,0.429230488135,0.284501214527,0.343438163279,0.780953079441,0.559774780824,1.25840256957
0.310485571688,0.712320799153,0.755404571847,0.868775531247,0.307750754491,0.865362869989,0.205683507009,0.42043051304,0.410386121034,0.620024899838,0.825080572913,0.418449473966,0.313130571047,0.052292083605,0.048341469038,0.23119190029,0.584196413817,1.2982265214,0.765478459762
0.21905087264,0.533668064652,0.534053074754,0.377242887062,0.871668222437,0.604274579943,0.727628613677,0.207344427515,0.295932952428,0.99813481777,0.680031611238,0.495921684875,0.0785661727144,0.721005106785,0.640437390902,0.431198005496,0.859422366277,1.28443875814,0.619053857812
0.371049524433,0.579706311491,0.912837390607,0.681748133692,0.973092630863,0.762716176479,0.491814790114,0.377818023569,0.519599659482,0.842208229274,0.788490695126,0.769486870383,0.243819007559,0.781563277831,0.057821536357,0.105864543005,0.875518202529,1.13828904107,0.950033899526
0.364116480208,0.471742973581,0.643159459439,0.453697447267,0.705159444073,0.114083406614,0.839270026358,0.367412844601,0.896505679384,0.760471457184,0.427213043998,0.532601319051,0.549992962238,0.87124852655,0.42307777848,0.365613421782,0.890848340937,0.962339538863,0.917706616276
0.174291402132,0.662073898169,0.664626068076,0.340663147826,0.546084221815,0.882449807497,0.810743505581,0.138108645526,0.507449100145,0.624999124968,0.0701539152859,0.660590405596,0.730061240324,0.77134611666,0.364391878735,0.216013406018,0.728308250198,1.43531089257,0.467390307668
0.995681867542,0.636860491664,0.828995021843,0.382192796036,0.697881897077,0.260257168295,0.296960191258,0.534189166421,0.854031985578,0.439014450803,0.474120491887,0.41141974056,0.386164571934,0.00820323159046,0.00122831538992,0.000840961708868,0.00540790479518,0.00874284276753,1.53138936639
0.309131154517,0.547208152507,0.990439900369,0.109244233017,0.586221493665,0.160248397132,0.199085713915,0.0619703042018,0.726185036263,0.504448582773,0.133333989089,0.196151640126,0.0729895643253,0.560713199544,0.0159670164401,0.00276716178755,1.07903301263,1.25236469708,0.872425193125
0.167688968957,0.816481415909,0.923875934945,0.381604638546,0.171769437056,0.803133598544,0.0808870557318,0.0444342485033,0.254705322429,0.672755626482,0.196765921659,0.699172292238,0.219954838128,0.670252318928,0.0516880822889,0.0353179664376,0.521038580329,1.76975617321,0.497792401301
0.991702081683,0.753596382049,0.911507920416,0.325499957336,0.281212000676,0.484527698681,0.0193745877653,0.204362321578,0.0164124578739,0.926470357354,0.367512656659,0.681102110618,0.172731548172,0.644730394573,0.00116557954451,0.000653958890477,0.00955290743144,0.02366461588,1.96047972977
0.238184265691,0.295768620751,0.646919581674,0.242854954529,0.0478652461722,0.0843609324934,0.345128420771,0.742553403757,0.836666595223,0.897985270736,0.854293899115,0.631831606366,0.264711616278,0.816809603078,0.825808945319,0.331252461914,1.43632404864,0.846791191074,0.742041167855
0.969130806852,0.911745214436,0.888122715318,0.640671234524,0.746895245579,0.198051091633,0.133309609145,0.387657088774,0.751037098333,0.994855719382,0.103412593887,0.603906128717,0.520696487312,0.33695847878,0.00112894083809,0.00178307888846,0.0118851327598,0.086515164352,1.80008566281
0.043517487127,0.951514776872,0.746192441441,0.964860469926,0.453510259942,0.922100987046,0.706198060876,0.558048105687,0.669651555547,0.079892528753,0.173112402847,0.901425505774,0.98615197321,0.12922234371,0.00337062821658,0.0610033457822,0.145040044262,2.0624692965,0.141614955758
0.982454011318,0.01103890395,0.340157786525,0.20581394142,0.275278556219,0.731257184806,0.21174565954,0.460676960515,0.32170550384,0.608084942343,0.682104694951,0.740296076583,0.5314388306,0.314047280329,0.0305465955107,0.0102345357578,0.0190629887771,0.000649150322689,1.35804293907
0.160992699046,0.699506062287,0.653081053305,0.241486243385,0.555847561735,0.33180350244,0.118102257007,0.703103487408,0.000862991936104,0.115305143233,0.555843349327,0.556206085212,0.572932972837,0.759126654608,0.359163542951,0.143173745691,0.637862192537,1.46110564202,0.423933059
0.105477651611,0.989020859856,0.49840410884,0.511369550339,0.954431505025,0.932094588387,0.668170946274,0.000968859956692,0.884196254805,0.168447372748,0.29887176422,0.663398351769,0.912969748433,0.69378269714,0.0184464661573,0.019117399887,0.0264330418418,2.17281278378,0.363384868651
0.423898081844,0.703639234011,0.00410663934907,0.93671379575,0.774704899608,0.509182439736,0.591723209139,0.626139513602,0.266273357145,0.156401676131,0.44524214766,0.845759497746,0.686745670846,0.0294423996432,0.0578541197482,0.580058035945,0.00376039416335,1.1604522023,1.02012907573
0.331364936615,0.872519912664,0.312707362742,0.56307047566,0.0288558219377,0.474872835843,0.888744769678,0.934088510765,0.668727524411,0.591212717353,0.211378338588,0.571846652861,0.578237064712,0.886394190297,0.177698758686,0.216922658458,0.150002123663,1.56683881511,0.916480118134
0.353721492749,0.565036522418,0.308073296213,0.599075851798,0.267145762991,0.636907798379,0.864095155742,0.620467964133,0.197268759601,0.600041773829,0.273637210763,0.150299096409,0.307726436192,0.976779251971,0.491982907903,0.675093339924,0.4390597341,1.15929144644,0.928098558542
0.494397680011,0.432996512314,0.489630024101,0.115479089162,0.247962655566,0.706833399304,0.878019721334,0.630978171512,0.535276065421,0.808980917844,0.704508866495,0.993362454177,0.491679813983,0.88358586468,0.70373665983,0.129072473223,0.692538031392,0.805468843145,1.25839439971
0.688778569794,0.961207779216,0.541477832047,0.375837680453,0.523151591623,0.699360308867,0.338536747703,0.0498385478309,0.123830159513,0.446712655285,0.279350409825,0.265568835754,0.352024020035,0.506228982914,0.0241149585666,0.0161590383997,0.0330807025964,0.721373047835,1.35865999466
0.497991863679,0.958568927302,0.537289847891,0.797543334409,0.412153796426,0.955867894658,0.682949947959,0.0109558403907,0.167731805823,0.245007271121,0.632194042404,0.955703263556,0.0344114483068,0.564025314897,0.0202205056921,0.0614247704812,0.0727242902721,1.49324510481,1.48700208776
0.693420156225,0.784707406076,0.861790505865,0.760094540648,0.769454010489,0.38610443026,0.872017074052,0.836155990567,0.518196789959,0.625200976726,0.352029216661,0.436284796073,0.520541199375,0.972205718856,0.0195169007135,0.049315459785,0.240448542222,0.700126359053,1.42009782629
0.528220001341,0.698502826286,0.438728818503,0.0542097434287,0.915865839704,0.0936600091716,0.390555561904,0.380410072175,0.359459576844,0.965282349822,0.311894652418,0.786959057226,0.365231044045,0.512366867996,0.411172340911,0.035097209035,0.340002645434,1.04332054745,1.28118556205
0.845222710834,0.275781329183,0.00659865243601,0.386082480676,0.676040660401,0.209047671401,0.943848835736,0.252648271183,0.590462189874,0.830252505765,0.979280118532,0.272705026072,0.965359741916,0.749460682672,0.36824814785,0.255438299711,0.00464550001246,0.207287177225,1.9909156599
0.115068448205,0.839196215572,0.322086196862,0.25625860594,0.304622113086,0.266171215385,0.428478839974,0.0568119760717,0.912084734589,0.000384529479824,0.708738013691,0.829741740341,0.081090302365,0.664961393404,0.409324649648,0.174281740657,0.246478368071,1.97052807789,0.371902323721
0.00903519846272,0.838792652652,0.554737536665,0.333679801525,0.798383071939,0.272116064655,0.0719373929154,0.503709095216,0.64909910568,0.56031680269,0.668128592246,0.963064923897,0.520097766551,0.861988622274,0.24072878094,0.139159564141,0.330512092202,1.66906573612,0.024470090104
0.586556186117,0.448638001281,0.136177161342,0.321056526879,0.157801198333,0.316641887258,0.113433361257,0.536511969182,0.284306950361,0.726236987946,0.934909422464,0.784435292343,0.665807609471,0.451392936242,0.669682935413,0.369609928417,0.166161262947,0.665640047433,1.35320427407
0.521550390524,0.329205555679,0.661759514389,0.524689565551,0.17334606917,0.232027430964,0.0264786412403,0.29516442101,0.261834789755,0.415502365275,0.721507180899,0.946788502907,0.468101894648,0.636822549461,0.362901671191,0.39220096295,0.909245678729,0.599807977208,1.29831978337
0.199339663634,0.567140533541,0.460116003533,0.462465929585,0.936966277282,0.446633595591,0.795579582113,0.522178814623,0.000416665093095,0.528381102823,0.470330654469,0.0771032155075,0.291134790292,0.959106632194,0.659380867652,0.585877276732,0.777928927847,1.45457370581,0.605637311834
0.653955369593,0.44457398714,0.00863686049795,0.0672871724354,0.928898277493,0.80581229097,0.492209359185,0.876004981704,0.197257843405,0.994595753604,0.532491618119,0.20411967123,0.104708153583,0.51770697116,0.787896694636,0.0835877964573,0.0107498414041,0.665169906787,1.71205083981
0.967490803802,0.600544341285,0.546373625028,0.410499365976,0.270092941021,0.195860836751,0.94620700978,0.785224996839,0.0424701358895,0.595199137522,0.33347354504,0.572833594061,0.112903322885,0.60741177798,0.0287888802319,0.0216506358192,0.0416925141035,0.0759727352169,1.83622851245
0.949387900506,0.512982512668,0.260043902852,0.898937810051,0.553145291344,0.403844210774,0.830564429884,0.0372549071731,0.191555967367,0.481739366413,0.741567740173,0.692089247374,0.225815201788,0.0762822890801,0.0142102487244,0.0887612232618,0.0389068958782,0.102028867213,1.77528951397
0.704450753981,0.958133055593,0.20258707486,0.482176595032,0.85535740311,0.164902632926,0.658076915001,0.667727956863,0.251017048058,0.561725995171,0.769770246557,0.736226739989,0.162426545415,0.951461022568,0.0366312382353,0.0346354671532,0.0166069483536,0.80592591169,1.61292335698
0.956446702861,0.391716411056,0.961322613076,0.779712234866,0.76051858928,0.209415204296,0.804199274771,0.923079685178,0.584146594468,0.79170570703,0.53326338209,0.581591197735,0.524018128437,0.0986290928493,0.00193751573607,0.0053740339032,0.0939127880786,0.0665047001201,1.68151224498
0.826156649227,0.878602030218,0.502280441613,0.0543759362872,0.0819427975361,0.906796757093,0.398231603344,0.573394836216,0.176934557366,0.771523715851,0.325676979965,0.177638693854,0.15036748398,0.481446973231,0.06426778362,0.00550272585417,0.0649667065659,0.474258553194,1.7246260796
0.754080732429,0.824198321921,0.963309605788,0.397684673516,0.170741217296,0.646396529218,0.126420294777,0.110471521913,0.377624657489,0.475938196683,0.743185274618,0.297863745846,0.892104563701,0.405090815839,0.00815653896518,0.00588086825904,0.174281628797,0.616013397457,1.57421807484
0.702800649335,0.961902291824,0.908014496106,0.446161234854,0.45450029696,0.0320849900355,0.73026086,0.614508426119,0.794753406928,0.917085060752,0.513930141362,0.753239114708,0.791533709142,0.812686964899,0.00531758399268,0.0044864750056,0.0478155782237,0.80645690191,1.60299372211
0.795568297111,0.9300593714,0.366067921093,0.7574210854,0.016627915713,0.585032904216,0.505737938509,0.694021943971,0.561355100286,0.0159481746893,0.118123005422,0.322060277269,0.182084075178,0.295163896721,0.0198411339806,0.0495258798214,0.0345761862156,0.57636329778,1.74323743578
0.969864226973,0.135002370788,0.588055095145,0.562920008203,0.268237647616,0.685234850771,0.671168267309,0.632243841989,0.751300095103,0.197962324366,0.607480305203,0.895901260765,0.14511350297,0.707428650774,0.0287520058243,0.0350815917792,0.0600290566144,0.0161987923493,1.62463019562
0.91597537782,0.734445432136,0.0493689195836,0.79256511152,0.547764775194,0.147835418608,0.544480084729,0.349122905878,0.121810721609,0.95653306303,0.293368294219,0.908049062457,0.184787906655,0.463186257387,0.0308395688539,0.0912734309351,0.00748624739303,0.218065969051,1.79664458217
0.752663769537,0.867930917934,0.806230036248,0.683949432831,0.535082066637,0.679171017345,0.192313488989,0.300637456825,0.363157286716,0.967922355666,0.56594092501,0.981438509304,0.273872734801,0.235284529398,0.0196331582343,0.0362433799554,0.131215995111,0.653443219721,1.63139153335
0.282357902023,0.549292474066,0.960953497836,0.762582612981,0.434257793705,0.158416409993,0.919054375409,0.645329964046,0.431481832564,0.823680494503,0.0589157509392,0.0710437130682,0.980298167048,0.0953658177066,0.0288614086499,0.0737685331778,1.28988824242,1.50970948235,0.944152281551
0.906737512167,0.14210506366,0.591986261124,0.895910889221,0.307348693596,0.156415824929,0.863818846207,0.0318424698619,0.721729030095,0.0137925889236,0.289142529274,0.658574924524,0.292538388467,0.21093658305,0.027549460031,0.1669911943,0.22688863685,0.0642550846039,1.9671672125
0.906623139093,0.146534452616,0.188050874837,0.98657104316,0.176282595345,0.00680834623329,0.492468558838,0.0110303359226,0.0923771894183,0.382753422616,0.329105202043,0.0313562144802,0.423445644373,0.108755390055,0.00624485647552,0.296002844628,0.0900913018805,0.0725182763269,2.15149431687
0.954758377529,0.842367538804,0.410886813712,0.763330561549,0.393966048854,0.577426412005,0.806014477799,0.858176249065,0.000320176036192,0.0380347777336,0.658976655054,0.605652681188,0.986981932801,0.73545217346,0.0102579098647,0.0263098398111,0.0212639015154,0.139834004756,2.02616298075
0.953811194256,0.886731962538,0.828449637009,0.70687488984,0.099113320184,0.403879791389,0.433240134249,0.805024725718,0.206368127655,0.525577418151,0.13756978302,0.810153335585,0.891807555301,0.94939200511,0.00294018401574,0.00592782974877,0.023958057154,0.138219770576,1.93224035292
0.951689862545,0.921378838367,0.617459881949,0.845546696886,0.238895675826,0.74593209555,0.137804941353,0.906225037644,0.193021838931,0.371317401264,0.898095623748,0.387623686182,0.422258839296,0.895763467809,0.00237134565198,0.00958159144169,0.0144003227339,0.140647483845,1.86405779776
0.90193044754,0.806017670856,0.0955349450307,0.540959711286,0.671392391853,0.173318277095,0.437260673759,0.285973686943,0.998750223068,0.903195216142,0.278067047101,0.0893757842354,0.107097526283,0.219082381327,0.0615496694097,0.0700269243547,0.0140968670131,0.299812551397,2.02405572347
0.933049121625,0.914056086693,0.604818396525,0.353219526448,0.509735971012,0.494740654749,0.962316506466,0.0263878280063,0.434675433398,0.794631323958,0.890534014895,0.523752141526,0.371852962057,0.85333881951,0.0127376336819,0.00789451538165,0.020957778029,0.189685315462,1.81351825821
0.881470813043,0.67528953401,0.531182551493,0.47058688003,0.501218551275,0.171443215111,0.756271378631,0.329829657918,0.281925785222,0.81992136684,0.599980079904,0.786425783956,0.409121587613,0.605076740942,0.0656640153104,0.0598604034023,0.0980143947284,0.23648116093,1.43852730411
0.648443844765,0.167779165598,0.119237864229,0.455280441664,0.982771540324,0.537834085057,0.547414161042,0.0823874655584,0.487580717186,0.877914757108,0.511359863234,0.188031389481,0.367378735716,0.627578265505,0.633207468799,0.549958617921,0.158948922954,0.230326955177,1.43491689653
0.857424838589,0.0805275610925,0.328501831142,0.0455054387814,0.65970153788,0.293148703421,0.837516602422,0.102371189013,0.563927573711,0.994237634624,0.553549507678,0.350168393385,0.363283154572,0.636354363811,0.315623896371,0.0225992277416,0.179503972139,0.0462650199288,1.61003844963
0.934314712343,0.719313736784,0.482991735891,0.250483136399,0.485339490696,0.641796650343,0.869890567968,0.155537984861,0.702125104911,0.78866109254,0.10296042427,0.444284621133,0.667358807523,0.497421349417,0.0468067384125,0.0194296156249,0.0480411038026,0.147983536996,1.58028523608
0.956586608988,0.210837180913,0.659337208761,0.208473990797,0.740922547694,0.349787745856,0.2083810482,0.06478038158,0.377710105117,0.631897281745,0.286263515639,0.71305796349,0.311973858464,0.022865642537,0.0541836284651,0.0184062154779,0.0965319929723,0.0385860602922,1.73745709261
0.733606825606,0.215797129103,0.929957843272,0.197800054591,0.895885391053,0.0326063386656,0.485145320203,0.0896248212708,0.461687207965,0.17026181204,0.452169956136,0.343596732525,0.460727921643,0.346927713414,0.0683367137283,0.0219431562753,0.649720080661,0.230473228426,1.55855868926
0.82875259493,0.0108873278249,0.890797718427,0.0872823631689,0.684681975435,0.555449760663,0.125105707742,0.580812353773,0.834485501817,0.97428006795,0.55044178757,0.27238292777,0.0825865536599,0.463686930717,0.0786752748865,0.0108546996649,0.458450261241,0.00795786720265,1.68801906555
0.740904440123,0.374033624885,0.546976962948,0.91811504871,0.752737736899,0.62010915007,0.674295981859,0.255258684201,0.20334423849,0.940458772315,0.841250170848,0.536412413402,0.355734914703,0.197383804257,0.0463860642336,0.358640419558,0.419362825838,0.368789725144,1.54346750011
0.680399855096,0.616015769292,0.0989175034475,0.68946443657,0.761218798669,0.260926992795,0.577599552544,0.233023434432,0.963210190883,0.295269158857,0.56170703658,0.418539693098,0.049345313107,0.72992346977,0.218091974904,0.411067459382,0.0728916021209,0.683830076777,1.51264660619
0.329416962522,0.81381089156,0.522360491482,0.667577651885,0.605644429155,0.0982874236334,0.178418513694,0.294617691013,0.74363536428,0.976762377969,0.806732068058,0.568439847333,0.03860073699,0.915092306394,0.177986809166,0.309303505308,0.382850526791,1.73821649946,1.03322737134
0.898377217856,0.76902127431,0.812083815972,0.873402436583,0.110559418964,0.458363260903,0.48314093949,0.116652706142,0.736728096299,0.887532254616,0.332933668714,0.370200115105,0.0338590987417,0.759811211978,0.00595378687721,0.0295440434241,0.0991183069523,0.272897026204,1.81305938076
0.784569039281,0.894912351215,0.490433321061,0.80905615575,0.177117797449,0.126427766675,0.215866056319,0.0856985044325,0.605928082483,0.505457949214,0.342072497624,0.937731708832,0.424616242186,0.875018816248,0.0216335015098,0.0699516093292,0.0710522684556,0.61245873911,1.76423982479
0.600982033054,0.15560749051,0.941811680981,0.805328738617,0.0584598359523,0.393671050463,0.790416253589,0.859211907684,0.388621835479,0.941377522535,0.214857753794,0.908609372559,0.145796388973,0.206025574537,0.0326360237708,0.103379797965,1.18276245703,0.29623485026,1.69031396973
