$0,$1,$2,$3,$4,$5,$6,$7,$8,$9,$10,$11,$12,$13,$14,$15,$<0,$<1,$<2
0.222517105807,0.00589699146539,0.0253329481258,0.0858854559393,0.558432860979,0.478187698818,0.150213280879,0.399633863142,0.0485602188922,0.962855733658,0.298233857261,0.322563580414,0.622066041427,0.194327807417,1.73487645931,6.71971701408e-107,6.36739530844e-160,3.15092709163e-223,1.48500765305e-65
0.176627174751,0.229826304867,0.193041362277,0.216351272652,0.331746820194,0.914790833449,0.5239366117,0.723900420228,0.23873898815,0.915284095134,0.230910819448,0.991959113893,0.350370885241,0.458952922174,1.83028961498,9.43159435033e-67,1.05603195947e-71,3.96837904941e-64,1.46013130985e-75
0.856847736387,0.685040908988,0.0146124100178,0.446526380204,0.735421338745,0.825377739634,0.4770627156,0.50200497876,0.0277105919849,0.240187540197,0.0893209715668,0.710214001202,0.848531093824,0.7528036128,1.85061459904,2.8063899413e-35,8.62225461117e-184,1.08414304813e-16,5.67284916372e-07
0.113641670128,0.781178074966,0.165911613394,0.386170099946,0.91346123203,0.0117171677468,0.0451641875488,0.901828976092,0.756783819535,0.868005640942,0.583369539865,0.637814490236,0.596511123,0.701423359265,2.05490761914,1.53736374523e-41,3.13755133314e-78,6.08018424912e-11,1.15524194089e-94
0.568647100977,0.283526144955,0.529354803072,0.0961408125532,0.656056720053,0.687283162066,0.0748727309082,0.87592789238,0.708481238949,0.613176383703,0.544021113557,0.543463756904,0.367537136263,0.178796168958,1.56230224663,4.79362181129e-102,5.81528136567e-28,4.45857653317e-55,7.48458759009e-25
0.890863746246,0.675430233056,0.650897657151,0.555185979475,0.69830778453,0.400229056098,0.37086869456,0.492616153054,0.48149072194,0.0984194066929,0.523238918668,0.18338504432,0.510686485619,0.789975788939,1.41260443667,6.16580016876e-26,4.98208665345e-19,2.01460575332e-17,2.12456003867e-05
0.393890084251,0.42631627078,0.472071366453,0.132957678382,0.563754531117,0.572216918946,0.859403413445,0.675696537253,0.403729135903,0.669899486557,0.931487042703,0.909557418422,0.699928199104,0.738792652212,1.65836548778,6.12551267398e-88,6.55489942648e-33,2.44901221959e-37,8.98059133818e-41
0.148302295319,0.462918301868,0.241295009597,0.0041078619744,0.47961619524,0.620639297136,0.740637893306,0.786384263622,0.193833928505,0.498149177596,0.848464456824,0.811640418039,0.289982196421,0.759462360674,1.57860839279,5.70136121291e-239,4.45890569962e-62,8.80702880501e-34,3.22984412239e-83
0.888990650203,0.249113625886,0.0203860808793,0.638115790269,0.598643842982,0.843479807491,0.564521004226,0.0473880788699,0.504924040376,0.198478346622,0.908793904222,0.479544739682,0.594164867072,0.614623681707,1.61720553496,7.84935985263e-20,2.17901081159e-169,1.10823891444e-60,1.97062702438e-05
0.593622692127,0.345493418339,0.284677854871,0.898014910992,0.292024443089,0.240237922761,0.451182745911,0.689229844805,0.891842696212,0.659566662878,0.109701888261,0.332504612177,0.535514645616,0.364444665609,1.52794730483,5.11190820145e-05,6.54028566027e-55,1.67573793215e-46,5.38614039232e-23
0.0584683348309,0.309568669734,0.651032514254,0.381662046624,0.577883994423,0.697949851771,0.526912801154,0.592689483352,0.607952697605,0.123127594062,0.105809269089,0.750351428165,0.390883049973,0.873522779052,1.57774024005,3.64798347186e-42,5.68098012252e-19,2.95022727504e-51,1.21962948969e-123
0.0634974946083,0.134669371559,0.287198502914,0.0546796635981,0.611152862473,0.767706416315,0.0600658369266,0.716822039998,0.55802471597,0.816161665974,0.016622574093,0.630316650581,0.852543053318,0.271863467735,1.85486966283,1.76610564089e-126,1.91712507339e-54,2.46216198845e-87,5.4965763171e-120
0.910302804827,0.384762166652,0.60296351513,0.0547823576129,0.115985411993,0.343302305865,0.0593517369104,0.420130141439,0.28814819688,0.352897983049,0.036612795304,0.563722136638,0.553286779905,0.774400724306,1.73601508296,1.99409218925e-126,2.91592790026e-22,9.01383358275e-42,0.000226079644629
0.982227708792,0.233739322497,0.660116942043,0.0824529643455,0.648177703913,0.679850463475,0.539469740429,0.744517911608,0.216892195652,0.683223327481,0.466520253375,0.525797493711,0.791123315319,0.594467162614,1.27982128474,8.39260156178e-109,1.84228629464e-18,1.50123020615e-63,0.342406075012
0.00721065871399,0.384033250366,0.288033775967,0.954427771053,0.47023829839,0.12937843709,0.220922298876,0.704583292331,0.413605408781,0.259307251601,0.163682646382,0.39534980158,0.496175031916,0.555780999131,1.45041000557,0.0214757902409,2.004472246e-54,6.23076072666e-42,1.42939520705e-214
0.0522953066934,0.656966519967,0.395783519709,0.512984946091,0.337896099785,0.176229729779,0.648457302279,0.543316445977,0.605871333249,0.249451337621,0.122449980277,0.300734821506,0.514182804362,0.363262355163,1.43015308307,2.30125351818e-29,1.25104531527e-40,1.27592804694e-18,1.57678992416e-128
0.13514387377,0.837980823138,0.151639308049,0.33440952363,0.717826140658,0.243103675253,0.458467523069,0.724906457778,0.900884430631,0.182757218445,0.25842441446,0.97051113222,0.997170756094,0.0494507577144,2.15701598929,9.07479787246e-48,4.08462924799e-82,7.13479090401e-08,4.07014219264e-87
0.119401402638,0.189488141416,0.636755209271,0.382073439826,0.625027349659,0.560348674192,0.176410953314,0.0463079674178,0.388201165304,0.30497836001,0.081812535931,0.765586835567,0.310220434145,0.200313502601,1.75159795438,4.51065014356e-42,6.86759959106e-20,1.57673210815e-72,1.38196538536e-92
0.250471559554,0.14919929642,0.140415414182,0.460279351717,0.746597426982,0.750741773123,0.442308928495,0.264468418886,0.148013275139,0.783250768802,0.348156684419,0.812273670406,0.151608465845,0.638855886969,1.64783962185,5.19019998329e-34,1.42729370917e-85,6.16186716604e-83,1.94480834145e-60
0.0114869160544,0.0838625332957,0.692679509805,0.17389601108,0.755960998983,0.549814154179,0.374188677756,0.732719828638,0.601027518556,0.520114197555,0.616973132048,0.262332542012,0.748326559622,0.588150240641,1.2882007102,2.16304430469e-76,2.28737570917e-16,4.60151818147e-108,2.12054815761e-194
0.0842925632062,0.226961584962,0.647775603065,0.126480567464,0.566459871892,0.598924769746,0.213859891796,0.966074848452,0.298343877982,0.697768088627,0.587390054211,0.826794189412,0.704071705869,0.346429157351,1.57274308761,3.93693463504e-90,3.42954410941e-19,9.7277685021e-65,9.36922542088e-108
0.342174176726,0.42723624901,0.115639905229,0.0783408218835,0.0451726654378,0.167564127082,0.995083918547,0.874748882384,0.801225787537,0.283213867521,0.70424556609,0.994114842372,0.459859691966,0.169501865297,2.23736551752,8.80377966653e-111,7.18835514169e-94,4.09888904798e-37,9.34501319061e-47
0.28279705902,0.0597448468306,0.303854248919,0.0422569031006,0.214414064375,0.352759223243,0.761634785774,0.975536299338,0.156550848193,0.0146577584043,0.0335766549962,0.827990693917,0.530775238731,0.466072031818,2.07856797184,1.26955249741e-137,6.03136307043e-52,1.39293006899e-122,4.58535509407e-55
0.130630416579,0.433733823196,0.265578068947,0.250993676067,0.0145526095986,0.470199066825,0.60252684829,0.534458639935,0.149044200395,0.191991715244,0.0343244197969,0.722347113335,0.938214696535,0.132745887319,2.05948518205,2.99334296959e-60,8.49374904439e-58,1.70689806956e-36,1.30109716263e-88
0.355368926764,0.351233943397,0.418589409031,0.908682667373,0.693914803627,0.580033730905,0.825530909209,0.427251795893,0.117341111704,0.339837353088,0.494621825668,0.325356395356,0.89519834542,0.384364153495,1.52743360701,0.000166458754459,3.62164437171e-38,8.70422658588e-46,2.80560993449e-45
0.00940435967711,0.861457430102,0.166015305684,0.683978317001,0.228991385348,0.83735472758,0.652933414648,0.566768175602,0.010569543928,0.431245005582,0.748151257952,0.410213374831,0.505266009172,0.785864379199,1.61075677964,8.07947737327e-17,2.61795867082e-78,8.44368378919e-07,5.44594079127e-203
0.00888882614094,0.924310745592,0.0881387015005,0.934009920151,0.283095512917,0.577297879554,0.56947398552,0.885842255117,0.609075118827,0.141736073522,0.252733097335,0.4641128445,0.580847966107,0.221298346065,1.49361120137,0.00254393933209,7.70944063526e-106,0.000895691220761,1.79803990657e-205
0.222383847069,0.402973038547,0.785618834399,0.02794725426,0.306786943425,0.342440606522,0.813300786298,0.139493317162,0.159518635421,0.106611361783,0.496119746278,0.124001144463,0.0117654686234,0.744779413927,2.00064099392,1.35270672706e-155,1.04346456855e-10,1.05898070246e-39,1.61292039081e-65
0.285261091801,0.084309281199,0.751223685076,0.104795387931,0.282022642151,0.525420623133,0.642106682063,0.650922525181,0.299279231437,0.711745128399,0.147731583617,0.224881732739,0.724791230438,0.604075275637,1.43740293908,2.44295446693e-98,8.52365033244e-13,8.73448026858e-108,7.55009495665e-55
0.117028072674,0.610444437476,0.520206278726,0.903110878943,0.586203739954,0.143212550872,0.870243788109,0.783137915951,0.762615865715,0.423112776235,0.132287304607,0.625879980109,0.54275740224,0.395113626631,1.59074238857,9.37188858148e-05,1.03580666354e-28,9.16924971462e-22,1.68548543748e-93
0.970144548614,0.398422084739,0.477225448029,0.434428536317,0.46543159956,0.170272791803,0.359639949718,0.358554039001,0.9017288813,0.119609038691,0.87631977901,0.433368621018,0.407327522053,0.800736075968,1.69590710061,1.64951564298e-36,1.98555248216e-32,2.8831171792e-40,0.128824940731
0.226599331056,0.030470203749,0.844762941764,0.580278459192,0.117695345664,0.0405902742822,0.521424775694,0.716910981943,0.605479773329,0.634045493584,0.261134744379,0.380753798137,0.239604764756,0.596232979271,1.58216044868,5.74136715856e-24,1.17180619438e-07,6.06605340096e-152,8.3412808781e-65
0.0325969460174,0.0502746906714,0.484848266152,0.0444945181012,0.709294592596,0.848847721934,0.87781765393,0.786846221679,0.376054598463,0.609743985959,0.87825266009,0.929370657109,0.30005698518,0.809652616829,1.88122828745,2.00083892247e-135,1.07435068719e-31,4.03182890252e-130,6.14119239679e-149
0.196175201335,0.448839673816,0.146345055409,0.925156297674,0.148177645443,0.397599490646,0.167149590275,0.399402760587,0.854623561361,0.38831358338,0.523807452264,0.541736201671,0.748179229515,0.990892743052,1.69828271306,0.00111594008069,9.20312459351e-84,4.31771296767e-35,4.90388931906e-71
0.699113518253,0.454657992121,0.0419620021062,0.768609731065,0.531464087283,0.130245530755,0.798120554576,0.640127239059,0.456528442481,0.274905339587,0.834331916364,0.984638926968,0.561737002736,0.766419720052,1.72022089153,1.0052913697e-11,5.21583948671e-138,1.58557598821e-34,7.69970488198e-16
0.209585809926,0.496479465691,0.0763160998559,0.446788189003,0.887910633425,0.956056185496,0.615674544884,0.123999814601,0.175084477113,0.894538237009,0.825331540435,0.224494819681,0.509932200487,0.34124079076,1.98149601179,3.18626187416e-35,5.68499174455e-112,1.2112733581e-30,4.25893101622e-68
0.524182396888,0.067631015444,0.395943751552,0.454036431807,0.241514396451,0.408690177555,0.248288736756,0.328519456084,0.724028562577,0.852263419091,0.437670935383,0.385326251677,0.184373680657,0.530640127765,1.45978851292,1.17349168332e-34,1.329716898e-40,2.3713771815e-117,2.0354153957e-28
0.906497812764,0.251644902768,0.377161048854,0.471806262535,0.506111831782,0.809347174141,0.517107479677,0.00432767350593,0.536669167896,0.647157090657,0.782658908767,0.631905020783,0.77981583396,0.385203462845,1.55348672035,5.80493743163e-33,1.09675823148e-42,2.92577693934e-60,0.000133077145932
0.190702162266,0.531888643278,0.317122013843,0.00325719103583,0.0595959927949,0.370068036459,0.115694886571,0.350471873356,0.899459774233,0.0502584578351,0.723794240083,0.435494183638,0.684664977638,0.465078728367,1.83228816297,5.53906858107e-249,3.81726866729e-50,1.09947511145e-27,3.12374362487e-72
0.0508147475381,0.663074928766,0.333846854733,0.109407694518,0.810373455482,0.951190766089,0.704617321403,0.0679188865056,0.362484187948,0.533781553217,0.541243388851,0.437596114936,0.026726388865,0.10377740147,1.93509443861,2.44122996665e-96,6.87940597723e-48,4.35594885951e-18,1.20725569884e-129
0.159042463737,0.813995248956,0.0495772330567,0.369665280015,0.747430767789,0.248093312361,0.471757471966,0.515392346095,0.432109391166,0.669834024601,0.107603434242,0.685723463771,0.814072943284,0.0366941829683,1.66092862313,1.57520499941e-43,8.80439110928e-131,3.010633235e-09,3.69641160775e-80
0.204165341463,0.585031887339,0.899166062794,0.0620271659453,0.360674521495,0.658465837211,0.804624048707,0.597542578182,0.465156381989,0.448312343986,0.962236152977,0.624819060773,0.47804175589,0.502420432421,1.38044914866,3.92947144515e-121,5.24965770819e-05,1.13264574668e-23,2.15944541038e-69
0.757952175403,0.0595629183763,0.198062928076,0.145586387667,0.0416525523662,0.0363856391784,0.71321530707,0.422353573932,0.582263786076,0.830584533649,0.9972667273,0.991336092628,0.323958776345,0.956800287785,2.3209062267,7.47918891535e-84,1.7462120825e-70,1.14650069706e-122,3.3570502915e-12
0.480261050112,0.467217288471,0.0470904587283,0.688342102555,0.631937140146,0.420249984946,0.782887792531,0.205056335035,0.41103669618,0.833780117993,0.837170833877,0.375911872366,0.973045569786,0.0469486435992,1.86821805638,1.77003089995e-16,5.76553421055e-133,2.62686591326e-33,4.12367144961e-32
0.975118487502,0.185945289569,0.0653217075326,0.821569474623,0.916217291431,0.427526551029,0.512008577103,0.587121946835,0.498378228151,0.141934384823,0.983256824271,0.0839267908352,0.760088281823,0.840799640618,1.88967699338,8.64842298507e-09,9.51174798603e-119,2.57647282484e-73,0.240197928223
0.0833880445805,0.326932910363,0.434244766674,0.0601270698735,0.696118457323,0.21483674628,0.409220499269,0.727255721342,0.030390484332,0.105678672185,0.0662925708282,0.101065795829,0.778181513528,0.507389436866,1.98037920961,2.51114769868e-122,1.84640751022e-36,8.68424953259e-49,4.01094979684e-108
0.155630642403,0.808866673625,0.570145652592,0.990972327723,0.482901387952,0.83309781321,0.708892291453,0.232812488831,0.102606304179,0.752687819203,0.476312243024,0.07797842688,0.761292852755,0.174910748491,1.45044608497,1.06705203867,1.12236593719e-24,1.73479032602e-09,4.5820916845e-81
0.449110682487,0.720410414722,0.916467185631,0.527329060825,0.388437010014,0.54049773959,0.713999576443,0.809108547559,0.571781104482,0.363614098474,0.734071014282,0.323614745488,0.533628741219,0.348694658552,1.2891090758,3.27024368734e-28,0.0003296867599,1.15986600822e-14,3.48135316872e-35
0.188397842572,0.96367402484,0.346957074856,0.984666131564,0.320504978781,0.184344569653,0.921472289908,0.515948058642,0.816103211788,0.350744866369,0.434498249582,0.562212597346,0.844272373783,0.087791447461,1.63123970269,0.567833849186,2.8910047473e-46,0.0670977035597,8.73763696621e-73
0.732316188341,0.200764652238,0.946562523189,0.250652501603,0.683300707461,0.198776168901,0.810032251152,0.763227807407,0.45092505194,0.401970187872,0.81155164828,0.416811276348,0.448017527029,0.232951980065,1.47973263859,1.87718670175e-60,0.00957722652273,4.3155615203e-70,6.85765587261e-14
0.323817293737,0.538252247409,0.515787922164,0.0120659502008,0.558098486495,0.357540479225,0.0781283394062,0.735150767705,0.918850983132,0.194500474224,0.132668143114,0.500268317652,0.745219290945,0.947556036128,1.92107950828,4.32332685637e-192,5.33067312286e-29,3.78660846147e-27,3.2334720159e-49
0.953423461911,0.147693814236,0.888882364532,0.796422101429,0.116328856817,0.987711208917,0.649094654156,0.326149373571,0.348786183188,0.541065794715,0.297729005615,0.632901265674,0.641045358576,0.940713854395,1.73461580718,3.54530444525e-10,2.08810418106e-05,2.35263101842e-83,0.023117047909
0.246029997781,0.322349496511,0.940600344513,0.610584561219,0.154112974277,0.500549976072,0.256316786023,0.331117077775,0.492426373989,0.455863579096,0.995943429763,0.41427893111,0.250839366558,0.432699093045,1.52945583856,9.02066811229e-22,0.00526225488924,1.63440247032e-49,3.0162383615e-61
0.484318280194,0.949811930004,0.50671499862,0.32988486077,0.601061609288,0.61870896208,0.931553331316,0.593302486771,0.674776987966,0.691698024067,0.534182059718,0.04941918575,0.806991560616,0.394176856379,1.59611152011,1.71957698946e-48,7.50860151325e-30,0.0145531552571,8.17122756261e-32
0.151283247318,0.0968297789345,0.920898501746,0.960802843349,0.0850401633449,0.294292892443,0.247772137182,0.368132565767,0.98511813421,0.284444229993,0.873562751187,0.95738323021,0.394959981176,0.260311045018,1.99372375201,0.0574556848022,0.000826307678978,1.24985374596e-101,2.98571929686e-82
0.313353473344,0.31515034972,0.764901458103,0.971160521488,0.0684712234639,0.58379431381,0.395876885234,0.528388581596,0.311271457727,0.506661388918,0.62073421475,0.123118668106,0.360869481418,0.240493660689,1.47861132556,0.124768074766,5.34642480103e-12,1.6568909355e-50,9.35332186225e-51
0.640997050522,0.946293670522,0.666955225524,0.0889539729761,0.982700033166,0.537245217505,0.361236519969,0.322940117636,0.902224780523,0.0861713641005,0.588459759428,0.605546082036,0.721563336128,0.791942193295,1.77128155786,2.29584447512e-105,7.1462043871e-18,0.0111431180253,1.34902248431e-19
0.36443365126,0.601154825401,0.0650632224893,0.35630538344,0.885642346361,0.871680804324,0.417400781785,0.0765061666832,0.10455353969,0.397793530529,0.410284495366,0.97009792643,0.756570188092,0.995211677284,2.17996416163,5.20963922961e-45,7.38118648506e-119,2.71145861351e-22,4.97068745611e-44
0.353410185477,0.853894051968,0.0993831665533,0.617645319865,0.701047443566,0.225818828763,0.315401398174,0.806810633149,0.316283733386,0.893337729458,0.688535532598,0.918017561803,0.208094479936,0.679170253682,1.75986617514,3.277291084e-21,1.48895830435e-100,3.81942826986e-07,1.85996904761e-45
0.702515770017,0.270920368194,0.798861723854,0.39116855052,0.662980250461,0.820016274205,0.906585226568,0.729307058816,0.387134744938,0.408566056545,0.598665371692,0.60087314906,0.5883605125,0.50511869478,1.39570901228,3.7783991638e-41,3.87325486406e-10,4.21774652272e-57,1.01513202563e-15
0.880812595768,0.230478497614,0.434821357909,0.131429464261,0.832467094108,0.68249430109,0.017983100637,0.622681884092,0.538695487563,0.431960760906,0.878907270741,0.0265065940855,0.696689761663,0.583131437673,1.81072077688,2.10496618174e-88,1.92778305553e-36,5.21210064102e-64,8.75634795747e-06
0.676290981555,0.109025547623,0.785015780716,0.2468263539,0.48927816671,0.210548574764,0.186597733573,0.603388704087,0.0788827496043,0.0571543080564,0.912047497315,0.821241921117,0.00230951312147,0.419117316445,2.09347667662,5.70349143517e-61,1.0111759322e-10,1.86129701184e-96,3.39115477516e-17
0.0849924664419,0.231542910629,0.898634534268,0.445692554442,0.178291759894,0.473459983592,0.845958044065,0.520514474463,0.22303673683,0.0419406635161,0.173969412733,0.882369024577,0.101080869635,0.0429451539127,2.13137299935,2.68112607779e-35,7.63993697651e-05,9.72586348527e-64,2.90283654376e-107
0.226161158157,0.226343418322,0.914139797414,0.229223755652,0.49560137933,0.0877331908194,0.93606171855,0.639067558296,0.508825331591,0.268105278243,0.0573909176284,0.0903907105531,0.658345996457,0.706249773189,1.86462088309,3.10937286076e-64,0.000369804404158,8.78005986626e-65,8.10051028197e-65
0.812487794337,0.0941548581553,0.498662757529,0.302072986082,0.1475109423,0.272698090482,0.841457167632,0.571449551999,0.863107424699,0.82168234349,0.117232385819,0.651403950655,0.100752872844,0.909707909768,2.02963230427,3.27134325835e-52,1.92411343464e-30,7.72343663264e-103,3.05648163948e-09
0.49220390109,0.70103050697,0.381072293856,0.598117511679,0.989564005019,0.762201593578,0.254446081542,0.377773237802,0.568746918203,0.268238175334,0.711572585665,0.570151516122,0.272807362352,0.698008996004,1.58260663241,1.18616374379e-22,3.13494755753e-42,9.31503797032e-16,4.07378409162e-31
0.112371674101,0.613994192466,0.5329868972,0.328375514678,0.0688460961143,0.268034744696,0.604362800382,0.846311904441,0.779155156397,0.106175526684,0.350107829581,0.816654303343,0.0969416857799,0.704077727743,1.93039174909,1.31474636302e-48,1.42370033788e-27,1.98697161651e-21,3.52736521719e-95
0.561381503961,0.741280717678,0.423029600604,0.466210911834,0.441463824547,0.716627735731,0.923123271492,0.00327628636089,0.486505304251,0.444357685266,0.261087022903,0.124423444086,0.571611870324,0.606025146265,1.69390673589,1.91978584075e-33,1.15367929886e-37,2.65020643772e-13,2.24294869535e-25
0.432181970043,0.587632047505,0.920644563686,0.157906260235,0.159745740867,0.636520744382,0.120713945331,0.929220805878,0.428519645085,0.680808465675,0.63502006498,0.172392192831,0.553764833835,0.579627681719,1.6350888139,1.77662607262e-80,0.000658962274026,2.09029958505e-23,9.46947154711e-37
0.0932233272367,0.667145340291,0.770619583269,0.635720841538,0.594961269331,0.769460824401,0.693532772206,0.748820861891,0.0240202637255,0.759901629838,0.655023876631,0.435605952722,0.532917955883,0.347432533036,1.52763851977,5.09079301592e-20,1.15916325195e-11,6.34141506125e-18,2.15080187707e-103
0.776609372313,0.531790145787,0.241968978875,0.724587726985,0.993960174612,0.677211524675,0.326289855396,0.771167084056,0.450768635433,0.518711157916,0.405085089463,0.309272708177,0.0348349493607,0.203443121905,1.73159146145,2.77755510511e-14,6.4644932502e-62,1.01998517707e-27,2.84988971549e-11
0.519798815764,0.119004983352,0.830869709131,0.260660662295,0.920472611869,0.553111131258,0.985482126269,0.0961153575526,0.326532960539,0.863857865494,0.931664498827,0.834929210625,0.744361614169,0.34641613326,2.12272948727,1.35071576616e-58,2.99438167237e-08,1.20096215496e-92,1.27803604609e-28
0.263028531801,0.481181307018,0.715779814591,0.365719578901,0.0968491313959,0.853697589298,0.849850872029,0.789034137743,0.605921223951,0.130750130404,0.303487672446,0.390541497697,0.867493959794,0.456986964317,1.82863393518,5.9301783622e-44,8.63358837495e-15,4.8878897309e-32,2.87430420186e-58
0.528717418253,0.433016796609,0.336622204082,0.32860519596,0.964202070674,0.819404056962,0.424714005546,0.851804167631,0.221491099008,0.246117332165,0.312671625209,0.882986890688,0.25717920087,0.936662165569,2.02036695007,1.47568193772e-48,1.64371326335e-47,1.41913730844e-36,6.66671595384e-28
0.581803692506,0.28013133705,0.621316172532,0.547469889733,0.357134341112,0.484430401002,0.532423262226,0.225102928499,0.121761028225,0.80446667678,0.942094117532,0.56335348564,0.838303652647,0.372651507128,1.66316522672,1.79093208195e-26,5.60171610377e-21,1.42306483517e-55,7.84698092456e-24
0.354983773823,0.642133532803,0.485651073085,0.664754799593,0.551600993057,0.411208236839,0.544094365892,0.300718782128,0.948550249024,0.257336411723,0.399308572616,0.78161101679,0.116032270501,0.147053085958,1.67373316932,4.85237399025e-18,1.12782409334e-31,1.52174217228e-19,2.75839404632e-45
0.779727061383,0.489068868395,0.791427478286,0.263916594551,0.360531751147,0.432219894827,0.660575116094,0.799297424076,0.67258177755,0.0433937609924,0.539261002261,0.354037248259,0.0661664346409,0.652137259476,1.61188643785,3.5491486018e-58,1.75617100975e-10,2.1900609089e-31,3.96018102631e-11
0.721961654861,0.763230733573,0.283274968179,0.13719740671,0.640342943991,0.43031965064,0.65820801853,0.194582191648,0.798512998263,0.432158189202,0.83564902254,0.109847504707,0.858653602256,0.591794712817,1.63851174085,1.39688187088e-86,4.27946400767e-55,4.74410666551e-12,1.82802701414e-14
0.564132715933,0.104901765055,0.897343675135,0.465658357,0.0833886929118,0.435916348569,0.260655469596,0.262578311714,0.701505955441,0.523342634011,0.515861051336,0.605285995835,0.140707540236,0.537309451838,1.47429586652,1.48403681042e-33,4.57704446478e-05,2.77321847895e-98,3.18297471669e-25
0.147936778555,0.60764589862,0.822399928152,0.626885241141,0.414921626823,0.717060702917,0.726104372752,0.485861150931,0.191529002953,0.253068195964,0.303244959408,0.723482833862,0.243193713353,0.703908191303,1.457991587,1.19861421673e-20,7.38212281136e-09,5.30801311922e-22,2.33072282868e-83
0.402456153823,0.58264823752,0.488544925623,0.205305180009,0.987055973699,0.880589723997,0.563910854639,0.490202155924,0.710113445254,0.471795508485,0.928459328892,0.333757318925,0.603305590822,0.138736083266,1.78359349599,4.86862658919e-69,2.17704011758e-31,9.7288042334e-24,8.30372580622e-40
0.501314510357,0.459000011344,0.357878345497,0.350749827365,0.544210531956,0.682792199227,0.792616678311,0.932676183898,0.336760883485,0.256588964619,0.0623108741553,0.74767127936,0.708821572692,0.957779210655,1.90017778951,9.43323620323e-46,7.05433701605e-45,4.53089232625e-34,3.06155201783e-30
0.603582473528,0.666586085301,0.28224878655,0.0767377792468,0.526035130921,0.82442950895,0.0756060767924,0.762067075339,0.544268732184,0.216281378677,0.748404565349,0.039785188827,0.56411040338,0.896226661366,1.87178587659,9.31748539795e-112,3.40082582852e-55,7.14497006912e-18,3.48367869871e-22
0.546856967175,0.555091140999,0.548118257276,0.440015948099,0.512624041245,0.791723589384,0.510098655733,0.293732232156,0.941253385914,0.229619283178,0.0855064856377,0.684073718507,0.391300657304,0.389841895822,1.62535903884,5.67428229039e-36,1.9701351114e-26,6.97427089675e-26,1.56474706206e-26
0.229590575263,0.488457139584,0.519952229012,0.553649160698,0.774268614743,0.770670858521,0.327753238797,0.998330632026,0.650913466183,0.202068559988,0.215234499537,0.894694926644,0.590406234829,0.690916459075,1.81952422648,6.01924898239e-26,1.12829367671e-28,2.18134274147e-31,3.56027333449e-64
0.34493676842,0.570644350751,0.863303579681,0.359615750909,0.494826529504,0.717181263728,0.908050784152,0.621514285125,0.108698252328,0.301421051281,0.829446063348,0.347651805006,0.345880435283,0.610974463272,1.58882913955,9.57343073448e-45,1.03169480729e-06,1.0808098501e-24,1.48301691452e-46
0.587927462731,0.365988727552,0.320906035931,0.113533509853,0.804213364367,0.363929019589,0.844814545499,0.626878605933,0.640858510827,0.335706575793,0.687402956594,0.0381369309866,0.133491859321,0.150429456344,1.79785492835,9.18926838679e-95,1.22648743952e-49,6.27545840837e-44,2.41684737282e-23
0.311708664224,0.0637662851938,0.111916645411,0.404356042738,0.586179073701,0.507663913669,0.389731389311,0.519402263649,0.0949819967727,0.849466407755,0.234377676718,0.539844193486,0.0430430549101,0.90300637794,1.74955410445,1.30449079264e-39,2.1306674355e-95,7.9096811243e-120,6.51530362909e-51
0.594080950909,0.203899065277,0.521166424451,0.18853786601,0.995555255701,0.589183231984,0.0592790760339,0.281225326451,0.399018316277,0.218521393174,0.455824555233,0.042464746833,0.299643777858,0.776586570294,1.91298618191,1.0415747079e-72,1.49787168725e-28,2.62636569512e-69,7.28441052417e-23
0.364488730058,0.445901100533,0.887750867935,0.556720826783,0.0645931885334,0.543131801998,0.696622253257,0.684178167347,0.160952597333,0.803136034673,0.7337332213,0.869835407034,0.340771687839,0.259208943767,1.74560938348,1.00418514007e-25,1.85002459555e-05,2.30102516644e-35,4.04089344276e-44
0.499805310899,0.319208994883,0.782957475111,0.272663603693,0.135390155124,0.0857802749006,0.838524967455,0.484860550578,0.751227664895,0.294179586879,0.71205719607,0.216007980563,0.87933053375,0.526363902112,1.79503048891,1.03016962091e-56,6.66820873613e-11,7.20615792392e-50,2.13933288283e-30
0.545377601062,0.160547210175,0.508575407237,0.232801762597,0.859908244436,0.395311995424,0.03457587391,0.3601302555,0.5766191806,0.64846605469,0.00738989845738,0.250624482416,0.729657774172,0.47736528858,1.76269723783,1.38332432747e-63,1.1962808582e-29,1.00594427963e-79,1.2942772827e-26
