5736
7021
4746
6074
681
4492
7357
6831
5801
8318
5891
3612
3196
9685
4010
7334
3978
2505
9919
9654
3404
7280
2834
1046
539
88
9640
4312
1276
7972
9559
9257
2379
5035
7584
2422
4723
2809
5279
9055
6265
434
6160
2420
2617
7621
2118
4499
7383
3132
4012
1029
2324
4559
6037
8584
1140
2583
2919
9006
8237
8211
7358
2031
6381
6057
5901
4907
9135
6869
5512
2914
1065
4265
1595
5544
6091
9456
8921
3586
4360
3476
321
9851
4551
8123
4817
6010
6359
9095
7358
5784
4067
6029
1937
3256
5650
6738
368
8418
4790
229
4317
1985
1238
3271
8600
37
79
9288
7801
4613
6908
8780
2972
4505
7796
4159
3735
1663
8945
2572
9794
9867
8625
818
836
2161
9565
1622
4539
3569
5030
5080
2733
8864
6282
9701
6207
4381
9149
4177
7896
2796
933
4590
1038
474
2525
4290
8143
1565
6724
979
2349
8123
1257
2754
6365
2557
6436
5859
9970
54
9405
787
4337
111
277
4341
3398
7827
7821
5245
1864
2736
226
3377
8219
6918
4114
7165
1179
5624
2945
1377
2456
2906
6959
3970
7699
8727
8884
1050
5133
8426
7583
9041
4039
920
8552
8180
7487
1445
7969
8199
9482
1987
6079
5507
2257
9817
5573
757
207
710
8160
4404
169
3486
7403
8422
4609
4158
9543
5224
7329
9433
5073
2697
5642
1673
6474
6578
3978
805
7882
2546
7238
7795
5508
8375
3641
6024
818
9438
8629
9594
5309
4167
582
2213
1932
6439
4180
240
1328
5045
1678
4817
6213
9188
9788
6924
5351
2598
2818
8845
4171
7104
1601
6620
9751
1775
1998
6424
2338
5604
3522
2295
6376
6455
6836
3561
9653
8610
109
1107
7006
3427
2115
4119
4664
3215
1639
7481
7611
6320
439
9368
7903
7115
4580
1882
8825
542
8142
4521
1033
4613
7661
3047
6389
386
742
2825
7035
1386
863
711
3419
726
7669
3327
7225
6310
5479
5422
9169
5297
1465
1811
4543
4244
2935
583
511
2314
748
7285
5936
925
8001
9558
7023
8278
2274
6693
3696
1801
9985
1316
391
4153
9299
8562
6594
6612
5561
6332
3772
703
522
8229
4757
4566
5621
1820
6455
8172
3102
6614
4991
7863
9277
4436
3949
7014
5259
8576
2570
9518
5416
9853
9395
5946
9717
987
7159
9462
8759
2194
5816
6533
6663
6495
3158
1638
9663
9956
4858
5762
370
6087
6887
412
37
4052
7870
7546
2020
2443
3144
4179
2624
4871
676
374
3959
3418
4195
882
1431
3669
1097
6621
7293
7497
5175
2672
1563
6796
3316
55
8033
9765
2573
6263
6684
6435
8022
1926
1652
2281
9938
8259
9161
2184
4308
2553
5657
5974
2920
3124
1727
1285
2777
4268
3021
5680
9494
7191
8326
1595
3472
3637
482
5651
1741
1974
1602
6127
8114
7653
173
4289
3158
726
85
6820
4712
5156
7509
732
9970
613
673
8270
7962
1813
43
5538
897
1019
8168
2995
5488
8759
7846
3533
