$0,$1,$2,$3,$4,$5,$6,$7,$8,$9,$10,$11,$12,$13,$14,$15,$<0,$<1,$<2
0.313738918347,0.616884190187,0.21059434232,0.225433468568,0.524519635462,0.34196342044,0.361037196,0.199062590613,0.908234035304,0.713957678998,0.864077924796,0.708092098717,0.409412494858,0.516376706644,356.77600006,131.897672828,130.628777388,585.606322432,381.502320298
0.249026334985,0.523860772282,0.784399689922,0.696814006148,0.614853507805,0.867738471756,0.465734581911,0.373316862502,0.180870967757,0.770342572961,0.194774615859,0.0897643468663,0.388060884683,0.336734527033,88.8076488106,172.15941869,549.961344213,628.51304753,353.581782622
0.967064942614,0.424141720895,0.450189046058,0.661439647573,0.622515343319,0.71307166844,0.732255330377,0.828472634833,0.906409217206,0.486257866375,0.0901704273448,0.307481176849,0.407110279336,0.839628398356,11.2258194397,19.0801690744,18.918640415,22.8929347535,715.356714535
0.177211637918,0.488122861809,0.185414726376,0.340163678476,0.295557031484,0.989184695914,0.918423579421,0.00414645512572,0.243432208246,0.0500105573074,0.822799012343,0.712053781586,0.594146043301,0.483530345615,436.088275264,258.053245235,151.900904481,509.618241021,209.919223431
0.446295945712,0.00223823670118,0.290818769688,0.666112495611,0.810858447316,0.971337924389,0.272681766697,0.0110046452735,0.870349381385,0.667559041219,0.0822192733634,0.384040089772,0.637128327112,0.306439957781,322.458013042,557.392566206,316.493185749,2.52267388912,605.63848098
0.996765049432,0.289532152734,0.544428738356,0.572445700783,0.0239326220298,0.271354796747,0.414452251653,0.333116256911,0.878105263443,0.178538421764,0.781732937811,0.782141082927,0.971113461239,0.516615270536,1.7638218693,2.21902645902,3.26071013293,2.11269254714,946.464868913
0.101927886312,0.968430140651,0.621831574977,0.275421186074,0.996100286325,0.697855545091,0.642388558635,0.750427614418,0.399111808381,0.693880254041,0.725950001672,0.431792862811,0.585459885037,0.839754334595,23.0455472176,10.6426356775,37.5840116374,913.818751652,147.754432332
0.955859015581,0.527739093656,0.604960115829,0.373882663868,0.00372035223796,0.365140657701,0.608177353884,0.703691868357,0.708930701097,0.512366682988,0.720840638791,0.360805407616,0.820839927689,0.460128368352,17.7040220591,11.784556789,29.7570775343,39.9106525262,779.513229268
0.812349771762,0.0442452580342,0.301992303081,0.298119027702,0.452369781423,0.171112952882,0.608523569893,0.793983649041,0.979812698867,0.283609969565,0.982444440725,0.125137337761,0.39126038934,0.981949418133,184.584118837,93.3643714046,106.213630078,16.1868739151,767.746783307
0.210259344259,0.121914178409,0.204714424377,0.516419809764,0.974373660768,0.398503217126,0.460380548175,0.0514682449055,0.555202641252,0.882609269669,0.69987400719,0.633732931295,0.243949532712,0.847440194182,825.159770938,868.861970499,399.170124624,244.86644383,441.05618984
0.996403827103,0.483278294757,0.877645320347,0.875680396723,0.440248864721,0.968670566994,0.258106184217,0.144766900673,0.293996326581,0.385462893851,0.970499269225,0.0136815931276,0.607736309683,0.333462534781,0.177766529704,0.898711503072,4.70781990686,4.55056831504,1170.38283633
0.571527886797,0.979842953911,0.880983566813,0.332196237954,0.975824820696,0.904823847502,0.22070339983,0.411992200741,0.365282639206,0.809128284184,0.00276380070947,0.176796184794,0.209643899217,0.578934210301,2.10144897168,1.20827262237,12.8148402593,411.770567836,516.768253272
0.153833630786,0.955037372997,0.208582763719,0.968388460697,0.367047371403,0.643963850712,0.325004796976,0.758555235774,0.575407442677,0.20307642669,0.972922636844,0.613745032441,0.163844920197,0.251022010484,4.19724100881,84.4580872925,28.7419929726,1262.47336013,311.923035579
0.841104359053,0.56445726682,0.41080595303,0.0313911837141,0.230334283511,0.541652362171,0.291763995418,0.624794990272,0.39057868795,0.458051202854,0.279954969916,0.0165859849806,0.709216873188,0.404667537214,102.703636184,5.06833799869,77.4096713898,157.819198761,798.911130898
0.815903967465,0.994489425617,0.673680755872,0.127256950812,0.436713154623,0.803061459994,0.809894864224,0.700776687303,0.697494829913,0.193337985758,0.171113816807,0.012808434699,0.323734486553,0.0114487124762,0.674382732362,0.136630254431,1.22271249072,162.083401654,544.807211463
0.981679515713,0.978506395061,0.105791608509,0.0294819052186,0.986696796593,0.920992704001,0.481422303796,0.803331428334,0.256460543716,0.740384370517,0.369711121905,0.304442768218,0.0359651085867,0.765681453942,1.05056640415,0.0486866118377,0.176394112742,31.5732626116,1097.46402277
0.95319106789,0.271416966996,0.139747387923,0.186390251449,0.0829949947234,0.0380721111851,0.372710863959,0.209378336958,0.413699326505,0.831109749893,0.970697181534,0.531833413151,0.704222624216,0.306506830075,56.2689774031,16.9619507974,13.1121544736,27.3495800204,897.839892739
0.908140317035,0.0112811323215,0.934701135627,0.061423663385,0.693012403563,0.278176170178,0.490861608216,0.449962734954,0.563652690492,0.532032238953,0.165960952328,0.266746413892,0.304258510489,0.413381665296,14.442615511,1.39782247004,140.967224934,2.51145137179,975.441702088
0.998695529157,0.690769219861,0.52474622422,0.897543819202,0.922133135289,0.833658588132,0.577734642812,0.441783748764,0.168869031285,0.268112551701,0.207707143648,0.373647958278,0.775987427214,0.874700902868,0.122622524144,0.755335392723,0.827152968863,2.13444737376,1177.9206787
0.90772205696,0.675294893911,0.0116736058753,0.799180265552,0.395107506958,0.345309148426,0.374322174129,0.819411423473,0.277798318174,0.101392595347,0.449822151452,0.765185468995,0.499176623632,0.950701628557,23.5299911325,72.1018331756,1.39089921453,135.599540746,1064.40721997
0.377350045477,0.773115432176,0.820524492428,0.605678107493,0.305346488269,0.0151660524189,0.244355566115,0.717938082555,0.167421159366,0.602788022267,0.80537719202,0.128827539601,0.19221971124,0.331471424636,38.0306105519,53.3386657351,226.176490213,632.502871759,454.574833139
0.44074890502,0.343701038315,0.764163651217,0.31425151388,0.634103849159,0.282210289287,0.936055859818,0.805230514479,0.179079415593,0.0156662666471,0.201702089671,0.454530995069,0.290199527039,0.505175578301,168.895898791,90.8750582384,493.822681562,317.470141662,512.1497592
0.292379423015,0.296791350928,0.249590790876,0.0595461728173,0.631105428838,0.180013889928,0.613867529549,0.77874432744,0.868636079006,0.576282057495,0.616412068044,0.445214506558,0.501630678501,0.27435895117,693.455604725,65.0521268961,287.975434339,379.249443312,417.254298234
0.982113972743,0.036170718253,0.229278621895,0.832491410115,0.199066869769,0.748536783636,0.633041308051,0.946971560098,0.764060972681,0.266100047082,0.677240520129,0.0792913009305,0.151264925223,0.603431853847,8.93396534316,33.1665008278,12.9348281961,2.08761986451,1308.15751843
0.240293762791,0.104359269234,0.350324316358,0.500047901639,0.593511892066,0.502759932645,0.256663778268,0.0524574146552,0.849763145918,0.141491925769,0.514677856947,0.572715037416,0.289947276954,0.75767621574,670.034757643,670.135597044,581.380972901,183.899479869,446.763667567
0.182492330167,0.719148875655,0.215713608231,0.0913345352422,0.501100532416,0.319804949536,0.331379052599,0.784921821237,0.466853765791,0.125271560781,0.00803089116415,0.856834603484,0.790190670799,0.175267879329,345.934925002,49.9739187372,123.185050997,784.835660374,255.847153491
0.25907168577,0.871096136895,0.380182703092,0.0840959426198,0.872146327923,0.510227932078,0.802269525865,0.892696919978,0.0124590430166,0.0392185776706,0.636985862364,0.366357952589,0.923641137661,0.588727456747,136.02810116,18.0742383619,93.3146587195,808.327483631,355.661985615
0.797153656308,0.343528221029,0.974074398112,0.987000560552,0.396117542655,0.782291722267,0.29575393131,0.650787069403,0.341724981531,0.235767587733,0.298387739298,0.632128350493,0.376572799801,0.792572697143,0.20063350598,9.82423163385,241.157204177,144.549742426,852.858819851
0.993665432419,0.69849340771,0.86264178504,0.968852702948,0.899356993284,0.837915393578,0.503314990003,0.990508708844,0.206638019373,0.0404271134248,0.00369542651913,0.640492676343,0.950197115243,0.802823988347,0.0431547559601,0.881336379994,4.02599983784,8.04191945697,908.140122845
0.600889389043,0.984133428065,0.977466694522,0.560383728278,0.799010037105,0.0774968572191,0.614143696121,0.382099346589,0.796341293197,0.553892707603,0.312302695133,0.467550468328,0.0442592872003,0.545906013619,0.331520061825,0.401231082644,14.698460076,589.998657087,814.706854659
0.193583951919,0.540355546193,0.383954648023,0.710557299592,0.122812040292,0.56065692682,0.73284705405,0.032504947394,0.00103631397166,0.874681951792,0.358592559575,0.50553362026,0.403850932571,0.817656067056,229.121656764,468.733655713,359.329117499,719.377028912,300.807559041
0.966796090874,0.88436221857,0.238570731366,0.363844689028,0.82605549772,0.692054232876,0.999952773737,0.26197710575,0.295793371672,0.90929645319,0.085135538876,0.143141353141,0.825563338538,0.826709658701,6.45465375935,4.15113928648,3.01854818356,44.8994393556,874.464422516
0.759866798486,0.0593257897226,0.644753152375,0.323062995852,0.762725913051,0.685558462618,0.171114869528,0.601688246453,0.499153675765,0.981852997766,0.236563704443,0.591062527901,0.425488434583,0.73987326496,155.630130991,86.5360789094,285.280679366,31.4299339778,852.564358574
0.685202893078,0.0376631748984,0.873445628355,0.665926753113,0.0300320650128,0.894414734908,0.389899202736,0.879622500727,0.994549133833,0.707018850373,0.346686097396,0.575798094182,0.00700353306421,0.948190351463,41.0340864806,70.8827377599,406.565468171,24.5647709399,770.570151736
0.210082935893,0.323339384269,0.195942276132,0.198731099205,0.647465613533,0.9759683837,0.868884207862,0.787077284681,0.267132235333,0.878993664463,0.825490938322,0.966654117848,0.334795787615,0.413290358225,922.915315774,297.84093144,308.282261808,566.404323076,398.907176039
0.96540671441,0.0379532434207,0.248382655913,0.896547141972,0.898849511175,0.954311534552,0.831590100992,0.320517683579,0.0464308629623,0.766698157805,0.400950673895,0.146058139401,0.591963938244,0.900423224965,8.72772466672,53.2343653086,22.1843867889,3.48148699451,1074.27101612
0.19240406293,0.755086152824,0.106544153638,0.636620569586,0.136713620931,0.917432361926,0.546697627882,0.441074447386,0.559683287653,0.0932570002399,0.203062988963,0.730218054929,0.828083911286,0.470232437705,238.91025339,372.081698976,74.7015747149,1107.58919817,372.553623333
0.106788824078,0.921154725799,0.323094807466,0.608412159801,0.965313866308,0.0436530511818,0.772912298147,0.684204464002,0.0813681494671,0.155959632674,0.445123189025,0.00113416960831,0.874093031175,0.978535572785,79.0463200635,111.877344514,76.1776022814,1259.09896829,214.854872755
0.113133644958,0.883867639681,0.656315068863,0.402852345722,0.73986546826,0.17910155556,0.113077172242,0.330789020694,0.697686533369,0.853390071796,0.405197562155,0.832580654748,0.902424054763,0.0455382867936,79.1641508517,58.0598159409,163.829447042,1035.35006487,189.091119664
0.372070230229,0.405781231809,0.203115065553,0.528054528085,0.63227123017,0.478684804902,0.0141506975119,0.203647037178,0.939842422923,0.350032275381,0.660338789767,0.508414787593,0.428853658026,0.972991614199,495.588153573,541.311811062,242.438909125,572.353593127,636.248011571
0.828865369587,0.607414759067,0.077554828539,0.557719250614,0.692880714638,0.780510714502,0.617729395642,0.540459033787,0.789029044086,0.044651516696,0.291475520584,0.162691660218,0.197491155485,0.619258047687,83.0508509472,99.662095086,15.8827748008,184.369863682,820.357287285
0.402060083342,0.40661993438,0.0826138106396,0.772001764346,0.590881476004,0.0616079750758,0.757580931537,0.611359635483,0.205387030764,0.751106442074,0.98395878505,0.178123431185,0.189812488181,0.845099642411,236.650390249,632.28264527,88.1048687402,505.561110403,620.325781763
0.478956782347,0.783260801147,0.0787744336277,0.0993212309231,0.531140802268,0.833148110644,0.70822032611,0.778527366757,0.785273299873,0.103945388271,0.130560794387,0.426110456704,0.75914462569,0.412644283222,225.948199075,35.5397695603,28.4475925343,650.643730436,646.07422938
0.690245974478,0.518652462969,0.615521140473,0.326556680034,0.981991857424,0.986152375165,0.388544480112,0.506955087185,0.92082708968,0.14267113695,0.388407132956,0.279716666917,0.808441537035,0.749441816316,127.326671791,71.7159131117,211.809328072,272.868274943,709.041344768
0.283647104221,0.995723805338,0.142198323546,0.415053915068,0.217241595947,0.465741387544,0.846152122077,0.0434073494459,0.942145816178,0.390052752207,0.664671044823,0.77253192359,0.430288936861,0.181343173729,6.37512873454,4.86619886275,1.82180757949,1224.39510723,584.760634612
0.445669528344,0.505129517206,0.604567528917,0.533314677509,0.667986868737,0.315278226928,0.310769228555,0.221195565309,0.972553530206,0.774065515819,0.686046352326,0.587639560762,0.149463931629,0.98929693047,183.858571332,204.183597048,383.942238255,479.800081806,567.040767952
0.736010944071,0.870457633858,0.937002156245,0.388821394772,0.878791894066,0.382431307786,0.224533589202,0.0876352927711,0.496275076059,0.404157345638,0.0367553001865,0.4585264721,0.457109503443,0.596885099134,5.75705712833,4.03022525235,70.7843700744,344.732970923,799.628668976
0.615000666517,0.704201321194,0.587437276256,0.105195434294,0.694449252529,0.538735351899,0.627109795914,0.219186835771,0.970524066854,0.811200823189,0.0179232079484,0.419311345458,0.669093322064,0.587389489235,132.403837634,22.0798156906,177.289661118,443.646108883,718.026849558
0.727419804715,0.927933151507,0.354147602004,0.898475181163,0.207319302061,0.466106457399,0.241607322447,0.221895088784,0.990152753675,0.0885750945161,0.459717466954,0.985691666982,0.203854366615,0.743927925866,6.27811341316,39.0331284753,24.5826721405,409.490823471,902.987931026
0.466340566111,0.796238928351,0.696050794705,0.720692652056,0.849940657446,0.71104295155,0.98665374822,0.823646725219,0.719857609348,0.0072348044544,0.243205611332,0.386662776446,0.532560747826,0.828666397569,46.512384282,99.12364304,211.637803788,718.884892024,681.216447009
0.547727480166,0.361641702977,0.934295355104,0.474855520016,0.0787391030542,0.680765914518,0.773563219516,0.332740358065,0.216689247896,0.829158338775,0.29753061087,0.208894291398,0.337726445796,0.509335509066,35.1172029021,32.4472315778,461.615257743,296.198678753,639.974354492
0.509953468587,0.982639831838,0.433760372126,0.410050233066,0.794226805128,0.847065076202,0.779818032104,0.518224539334,0.327316554271,0.602605001662,0.663191779853,0.474632397759,0.392651742995,0.844888680944,11.4814225616,8.62191265293,11.6430684576,677.726815842,699.517613794
0.510129110295,0.932603460937,0.681188895847,0.105244273421,0.794377560529,0.988925392474,0.527219820761,0.0118969790283,0.826687882316,0.0326979015359,0.873699478063,0.913744383965,0.315249031878,0.950749590468,33.3355647146,5.56170550681,61.7481837192,662.42843788,687.700740458
0.841206853713,0.58046057425,0.653227673343,0.902323375252,0.217705888825,0.409888275685,0.680453645981,0.330249779484,0.271404910026,0.92358037875,0.615951180413,0.317181381451,0.561551088597,0.819931051862,10.5767432441,68.3934825841,114.230678882,172.441542523,856.238274708
0.994498497374,0.327749890949,0.103276944678,0.645702957322,0.60193062878,0.654374557279,0.607283540922,0.0188187749942,0.550960462594,0.569079581806,0.274075007899,0.924823573369,0.858244324241,0.450960049597,4.95086588815,7.95800521698,1.53392855225,5.3726201647,1262.60913733
0.968723876197,0.978715460727,0.533385466541,0.818421684588,0.562039353502,0.837325044574,0.47626961901,0.55498526025,0.877959991292,0.974502523371,0.638960886266,0.857149508262,0.0256482507921,0.737902037688,0.479239500412,1.63441770293,1.89193987151,76.1124775514,1548.87450638
0.291869438287,0.512786322123,0.414436008129,0.887665881272,0.550355783499,0.654848127607,0.411062204619,0.563472505741,0.742589002872,0.794597428438,0.485927764252,0.584159384543,0.254525056137,0.850858497442,112.457115672,630.688546275,488.020528619,838.361611569,573.746750896
0.430853973941,0.696802884591,0.770997665884,0.462831601071,0.214843606282,0.826415033083,0.403183261589,0.972197250698,0.257307808024,0.364498788292,0.856876863912,0.602291517956,0.796685768404,0.262798063375,99.8388979859,88.8121654682,355.308957598,735.857254672,665.179490555
0.922373013936,0.860158404697,0.921387163716,0.857950770955,0.144065734329,0.298244289038,0.914445678865,0.730540978797,0.998983593555,0.33041674137,0.0359815476634,0.418501188758,0.939623728148,0.704325461729,0.737333290324,3.24947150615,26.8464042621,121.167074082,1013.10667386
0.937654221757,0.551054708361,0.903658703515,0.133939020938,0.863219909687,0.492771789915,0.456585771245,0.946807919821,0.0812390975429,0.431837137166,0.0894981185329,0.989598221422,0.607389761315,0.382593295857,9.08728744716,1.94060077593,60.9329734786,72.4107287015,967.888796603
0.965674834618,0.293884089708,0.708807246142,0.607516495238,0.193615612413,0.178742745504,0.253762239785,0.827362010898,0.0319710250309,0.692910523674,0.967880326231,0.61868623131,0.206086957062,0.453884831902,12.9729130357,18.306366308,45.5832722358,25.275147976,1051.42953756
0.937246451615,0.403786781561,0.931483778795,0.734495607136,0.199607371755,0.282024399223,0.413454281837,0.833913894283,0.119204565774,0.0159548848154,0.0527187042766,0.424787966528,0.0454879739373,0.892252866108,3.3827339844,7.63522967173,77.2938844525,57.1937309806,975.951565793
0.921821417826,0.975612019775,0.702253526286,0.255157090808,0.134351552398,0.43550700007,0.774674469196,0.217531214082,0.282258880583,0.581491709208,0.149747741741,0.577343959209,0.856730394118,0.681746141666,2.31716169132,0.981865591432,4.9826389513,145.643268512,1180.89331082
0.955710976953,0.24634288118,0.44126661504,0.205077618871,0.805276207839,0.758190994398,0.881420261062,0.921106144798,0.868692281626,0.38163927731,0.271799832941,0.129159279512,0.64190787627,0.0954049195037,50.071905863,16.7120363189,43.8465591479,27.963502687,1063.42526255
0.946930849637,0.820030846476,0.854702667067,0.955098270458,0.274530336267,0.172212358254,0.475525831308,0.977000749812,0.140318944806,0.836373528513,0.919290992191,0.427890800463,0.255112962279,0.93389120067,0.514695513301,7.28528320032,31.4424389455,111.12692451,1384.96720017
0.949112069879,0.463109308184,0.822585898867,0.0822472620531,0.182894610537,0.564630048761,0.292425403309,0.435454332175,0.391954705288,0.824565154511,0.343467906703,0.0379246766686,0.424233565816,0.719885497145,17.5699882203,2.28264577956,61.9222570411,57.3440329588,1076.53149689
0.986197347206,0.761009999082,0.825123897939,0.243046010796,0.33039192776,0.0255629340264,0.432082224315,0.52138363938,0.766507636873,0.574462559011,0.33009193732,0.822450679809,0.849539246898,0.459561764186,2.74060448576,1.10027941005,10.4791459234,27.6262376301,1369.36908955
0.973591381302,0.443425864124,0.0779351950858,0.754881947217,0.876732039113,0.0127244977129,0.763471523958,0.261094537721,0.673320875985,0.865078545794,0.0342411906626,0.375892448136,0.697704861214,0.577368617393,13.7841780636,34.0133754173,4.51544431541,30.9267489747,1161.3990081
0.948469526038,0.588018580831,0.864910064717,0.170590204223,0.974394524514,0.531408277772,0.560473722715,0.113323656299,0.525970909385,0.844370493662,0.368583853265,0.916453034185,0.0263867057094,0.47719250494,12.1824944855,3.34489598219,58.6391587716,79.3762492125,1226.46747591
0.896503414687,0.872781530605,0.105103263503,0.929779088119,0.780073060031,0.0412026772936,0.918224700574,0.629786762992,0.599869698627,0.0275423034832,0.0290342392981,0.264171503143,0.926500288985,0.00400965236178,3.84277436054,34.6970231117,5.81629898482,174.734964719,1086.96084287
0.965322563316,0.617286861967,0.484535313076,0.816570515226,0.580720723078,0.924660665748,0.925647663593,0.794211568573,0.907365685482,0.150548485871,0.939335216013,0.405122112887,0.0681611151645,0.233385179686,6.84557168935,23.097451796,22.9476692437,48.5105662215,1078.83606176
0.709708003431,0.314797431344,0.273545073188,0.0779130191265,0.548685372596,0.399432080229,0.634241263973,0.0177067757893,0.342698181659,0.99786965321,0.92340759711,0.1387454585,0.721215103255,0.594329476938,364.067492219,44.780376486,168.086854371,217.545272915,934.623286856
0.84192615808,0.907147780079,0.772007076115,0.502118518303,0.498467182139,0.0591263690225,0.00891600227004,0.560063708074,0.59685187853,0.71723282239,0.380237680934,0.0406045439441,0.501398108863,0.357556958135,8.38833273908,8.44434808071,31.8020978757,231.161737573,921.54361559
0.942528272674,0.573268903952,0.383949111556,0.461817679287,0.761701553983,0.655956906156,0.529387615478,0.191192680817,0.298479594048,0.585598962438,0.752315683358,0.822820933942,0.661925036167,0.00161478339329,37.1360700316,32.9287696825,34.1822487086,76.0191508914,1071.65612327
0.914580025242,0.73031352466,0.261898591488,0.152610449699,0.361922901233,0.305129346301,0.333524621394,0.410699140823,0.0575280480558,0.553514787204,0.249694162366,0.694847120232,0.461445728581,0.798419022969,57.182651828,13.9765771695,25.6822734277,142.42836244,1157.42479882
0.848410741428,0.300964317322,0.131631876388,0.745117351406,0.0111019024832,0.11461053771,0.286194609025,0.876904940263,0.0577585643196,0.501355469231,0.343828579044,0.325262880122,0.936160130305,0.504143253513,75.2541352667,177.809947257,40.5012014336,100.896544229,912.922985117
0.545899792624,0.499388801647,0.511347145777,0.608959291736,0.147271957532,0.399299575784,0.139615260416,0.637678084063,0.0977162735708,0.982956237079,0.820102919366,0.42240333495,0.322186821842,0.569430307052,195.761427259,277.574677553,351.991318142,488.212077656,798.699888831
0.431166922487,0.509247308862,0.378063663313,0.128379857792,0.456182179896,0.535677284735,0.179027974894,0.509135136398,0.6203467094,0.262965443371,0.880374052977,0.760415161397,0.793575991082,0.664569955028,507.887837253,103.831259497,349.999095835,643.92436038,721.900547726
0.378985955969,0.894038368202,0.553702249912,0.455910156066,0.93599601218,0.0424398114197,0.618185513435,0.238578138017,0.0497404268014,0.510591385324,0.697658668463,0.615796766558,0.737911806155,0.931695067477,84.5371636596,73.5697451342,132.769515459,1034.19697612,710.249548178
0.940601052466,0.0988056357321,0.861400791477,0.665448833395,0.159966867617,0.36541131693,0.770395805922,0.55168612979,0.340895772383,0.678901937844,0.148194562839,0.980657578547,0.44675686139,0.122624133578,15.467264277,26.6721247627,139.376186556,22.3342690292,1544.02260803
0.900751818539,0.6805927053,0.452573877083,0.981258996763,0.488100577146,0.333321626277,0.935809558027,0.895786129,0.172756686623,0.995749510962,0.539334418587,0.521978511289,0.885921039997,0.441035118165,1.71615359095,58.2797875792,50.2063149163,140.267121946,1017.88045565
0.931091979585,0.938323919441,0.377832357926,0.284581802047,0.371721818244,0.162048352977,0.535030321898,0.369521331493,0.68179724835,0.34970969933,0.359210440045,0.322338248353,0.178682015037,0.733560484089,10.7963477232,5.17560757193,8.077251908,148.610129375,1374.03992258
0.803596170984,0.899978937259,0.877438317136,0.0580509581753,0.663595836195,0.234318248737,0.128191735165,0.0757949289074,0.153080512187,0.457442647664,0.141866216804,0.243516999697,0.188774362054,0.91133181433,13.1371356243,1.20125719826,67.6739842538,435.225914074,1382.72020311
0.96301325751,0.328279690612,0.246161378966,0.18082092561,0.355630575994,0.446283295367,0.259773076024,0.525758350969,0.163608110121,0.748208604112,0.153367743416,0.248178582033,0.507868133888,0.842044322845,76.1776179839,22.2382067734,32.3116268768,48.5664310923,1693.31494777
0.453750901921,0.132439311793,0.757004184899,0.235688140454,0.932571402775,0.766766706248,0.863987711041,0.363357233074,0.908837933324,0.211416730526,0.866498062092,0.657420766192,0.0421330912326,0.934209662551,378.186510532,146.779499561,1010.68724072,229.889439449,962.044138479
0.755623393381,0.639933329208,0.0890505350295,0.56447080122,0.77857559098,0.0875120772579,0.0829430280631,0.28995626318,0.252664178723,0.0947787198593,0.238148369033,0.174169184273,0.0233584591824,0.464128725298,128.658208073,157.763883803,28.6631742578,323.870407026,949.757384374
0.628606241236,0.538674723674,0.980526594767,0.556122274879,0.511755328901,0.0348494212944,0.998295315821,0.393636719096,0.204372485493,0.773502582501,0.0619546592138,0.786541858861,0.344097323569,0.0374473150464,7.11461263258,8.49421010732,362.115956033,409.211715115,828.0697965
0.531969430941,0.748339970647,0.345258442123,0.269849487094,0.514060000533,0.286061264335,0.486002479048,0.438554528564,0.753094266846,0.800242317407,0.356562214433,0.236631973201,0.159414957697,0.694955960006,216.627821299,97.7495607839,143.214839029,664.977239806,796.808751297
0.473289507817,0.874025141171,0.0477546234036,0.288155202687,0.633089978622,0.835779444355,0.863306216195,0.437553868986,0.879193286857,0.482337677314,0.174432804408,0.10942440723,0.45086255033,0.620199217493,160.812952052,78.2044263712,13.4390333256,894.366324616,838.66458554
0.586471497192,0.644851184809,0.744980061264,0.741135061033,0.712045029113,0.57321502657,0.685926406294,0.138732367869,0.590290327846,0.0844620409247,0.25072219372,0.184044109477,0.0256458817487,0.236912484061,50.2494997217,116.690116679,300.011592529,522.138165426,810.307454533
0.499292231419,0.843850537388,0.748646906063,0.645476898031,0.83073715623,0.180497305181,0.782701608105,0.439691329559,0.0500666706703,0.720767442245,0.93260576981,0.606020072346,0.281463928698,0.183375876559,37.1111410241,59.6051245084,168.497781285,729.236315803,750.06642182
0.876506964748,0.933229761294,0.535411013911,0.0527875009879,0.311694181927,0.102602900293,0.15233567622,0.0555790436266,0.49797770833,0.635214315674,0.445235070565,0.140812080998,0.863483884894,0.246174263445,18.9084194082,1.57145927844,21.2111318142,270.34540546,1383.73846162
