$0,$1,$2,$3,$4,$5,$6,$7,$8,$9,$10,$11,$12,$13,$14,$15,$<0,$<1,$<2
0.996699715725,0.219044703858,0.389774639428,0.227981292017,0.565864477068,0.614120605934,0.935449740068,0.632666441757,0.771043113798,0.507642191226,0.765666568481,0.923436351894,0.500048039182,0.467847359645,0.00579387674254,0.00216835310067,0.00434455948814,0.00270877856064,1.54899132534
0.906822591972,0.479835032028,0.240641892385,0.76495668282,0.707158348943,0.499475802774,0.456403649568,0.865952747318,0.708948408808,0.551174231506,0.750958136857,0.754821020698,0.556405309181,0.896916274139,0.0539859180652,0.139516863698,0.0594044215042,0.151073607193,1.49746912542
0.687508179418,0.964201526075,0.0446286788933,0.0826944824145,0.641391541234,0.991141984547,0.135504665242,0.704174209163,0.389128194142,0.651989671107,0.826291516626,0.404712710497,0.723431856728,0.173913800449,0.0456745269736,0.00596654267192,0.00323440567996,0.820302194233,1.53715453304
0.335817416983,0.947767343099,0.844531871464,0.186427251438,0.0854624429064,0.333298846357,0.386344407716,0.276935546548,0.796811305252,0.909921186848,0.497090866768,0.0453085846927,0.645010829779,0.815388443215,0.0302568063469,0.00912265384966,0.126823575011,1.58943571312,0.929074498162
0.995248715773,0.0869718081364,0.378312764652,0.85291778836,0.947022574563,0.0764527970307,0.567298334567,0.891227179837,0.540200566359,0.656087772826,0.888747174152,0.263762491378,0.0984404794306,0.523784816967,0.00270957882845,0.011518524091,0.00799588771281,0.0019632540085,1.93148316385
0.0216550807923,0.72380676337,0.427020125502,0.963518942735,0.542932195121,0.932058197524,0.176018266667,0.993108168173,0.517153247131,0.594556657646,0.48599779716,0.533455379459,0.257314318214,0.711419589746,0.0311147049239,0.542378733271,0.431082207431,1.4969822726,0.0561417257417
0.297703397474,0.347865855462,0.6242028821,0.161446255411,0.300643029466,0.683783673285,0.502483378141,0.803949977649,0.840129884568,0.153283213106,0.412139465503,0.606915743166,0.847675473473,0.353120985326,0.642448644285,0.166509399206,0.990573861643,0.72518707166,0.704745389552
0.571569694906,0.0225350775499,0.65245672813,0.937372881575,0.759673390766,0.434417029828,0.911205165385,0.349419541262,0.820400501824,0.277550255908,0.750626958074,0.319232853965,0.560402959608,0.34264859,0.0489041592867,0.495517905556,0.819623243613,0.0339614540929,1.20386933003
0.0525527190151,0.56167355852,0.206873314546,0.318989144988,0.0555361014117,0.708870731698,0.554671997463,0.652579359169,0.155947099113,0.623334607297,0.965257740707,0.833343720757,0.131482166779,0.467871826449,0.981828995608,0.537736657172,0.377138200965,1.43556874184,0.153817255908
0.552470582647,0.986153171656,0.569102111115,0.994221568397,0.0761037327712,0.00597095290755,0.43468429744,0.707777650217,0.722507743288,0.937828742761,0.788280101649,0.193430509636,0.992295930082,0.79027161152,0.000177143002312,0.019515614016,0.0242901835787,1.43235073042,1.6907062826
0.955173522358,0.72040046187,0.262310657226,0.982512720843,0.192010934471,0.0773858882153,0.312459376979,0.813022958542,0.714074524492,0.348799293057,0.564317038729,0.649529034656,0.0141772091383,0.0525840640281,0.00145909128042,0.0531044715617,0.0232183177207,0.123408316534,1.9332024268
0.9699524376,0.679111116968,0.714649198854,0.851029662549,0.912403313223,0.472811104014,0.622324457122,0.679875287438,0.852324583335,0.810126668391,0.678074701033,0.941588371154,0.850287873607,0.481954418154,0.0040946164057,0.0171776518495,0.0367227555555,0.0738757890675,1.78619200381
0.344729331312,0.833315909653,0.000215520250089,0.458035006323,0.615729684311,0.410196131646,0.273456542561,0.667257328951,0.594810822554,0.273857442621,0.722194686407,0.641413881534,0.464400277227,0.950486087529,0.239321036833,0.209680597419,0.000107717221252,1.18734573158,0.739350652468
0.975350098896,0.383480289822,0.836608608948,0.835021047905,0.482247605873,0.724727595616,0.34566331303,0.0101912980554,0.802912421782,0.992208220052,0.221864485102,0.792194554968,0.695968060587,0.769940904313,0.00398917941094,0.0150472719831,0.0593161362796,0.0421682520414,1.92114245601
0.0716080756274,0.766810874845,0.831309447136,0.790349275472,0.36707488333,0.589226893894,0.366272881066,0.905563418783,0.856488917084,0.306664763356,0.363332969019,0.492350334469,0.356534418051,0.963586907851,0.0490318749793,0.143467187304,0.558721998696,1.50917982536,0.182587226931
0.881238655194,0.756302392945,0.942203501856,0.959050195358,0.264077123956,0.129372778581,0.493418687239,0.518240505943,0.417315908378,0.878021130564,0.656776236435,0.31204871194,0.967984178491,0.74678950852,0.000679445811761,0.0105483264957,0.11610896656,0.289545676072,1.65375621076
0.010782784301,0.238732733452,0.505908602484,0.953184614974,0.230207009918,0.630911547905,0.257684934656,0.834462099253,0.465366128127,0.687267261068,0.10731929931,0.677903994537,0.722704318241,0.515146736233,0.0733799860199,0.996059555599,1.01747246597,0.561214801096,0.0259547317251
0.622078225351,0.980044372652,0.603726504741,0.256971852058,0.65262174552,0.512994695876,0.242716883798,0.666135003456,0.536780922083,0.43799049504,0.665973770074,0.457013946256,0.686554631861,0.511153879937,0.0111558724908,0.00476470506869,0.0169037916226,0.663534155024,0.983733293365
0.85616364506,0.675503556923,0.9878138272,0.631929583135,0.353561712832,0.65103279073,0.566593544006,0.42713284238,0.164129277729,0.0700692440806,0.151671925715,0.721843098963,0.613862239607,0.707347940165,0.00180441081418,0.00276518130846,0.172470706251,0.308597348462,1.53804400333
0.835890463776,0.154805788629,0.0228365429781,0.530468912012,0.727083766933,0.157647120715,0.0857138063616,0.798584025894,0.712860947977,0.713271517851,0.487090012925,0.662275532633,0.317417348926,0.361790923084,0.26593998425,0.292697039664,0.0141921725406,0.0981700549776,1.54644637206
0.487334088362,0.132611715219,0.90337452875,0.534097131183,0.520128674419,0.224595310713,0.367421082046,0.381867091027,0.893734103638,0.755028302444,0.663090529133,0.440531557545,0.402285148103,0.574061252984,0.097862350597,0.108949737229,0.957457852982,0.204733579378,0.951364641168
0.288078803361,0.948122365844,0.554484025542,0.360541298073,0.423156306909,0.983517557061,0.172415152462,0.709148942482,0.272073084638,0.915108713465,0.332735595962,0.449518487357,0.754521632075,0.241131448085,0.0707182741907,0.0449635732839,0.099530789371,1.59314410084,0.777099093207
0.0327220826236,0.292306055819,0.211391671367,0.509150870004,0.448660959376,0.0116957119976,0.504802348837,0.0145641654564,0.434008004793,0.880359221188,0.434100344735,0.914938263917,0.139808463915,0.876999803972,1.22331835524,1.2590020664,0.605314344247,0.918031013392,0.106564279434
0.701666829841,0.977873975924,0.0500979298938,0.779455826665,0.473246076185,0.894246779365,0.497989970716,0.632067945224,0.271610789801,0.799117084336,0.309440186913,0.745302847547,0.131630420271,0.17376532367,0.00878584905078,0.0243383390128,0.00204045778012,0.746514272041,1.47554006942
0.0363747602106,0.929116731144,0.447939482013,0.37967789784,0.448652940542,0.193424367816,0.464381007068,0.900848063846,0.216364448763,0.181382425322,0.35380717245,0.639865397167,0.476242089045,0.95794511593,0.118394775454,0.0803734674006,0.121418963912,1.67853272879,0.0966096305666
0.931145415892,0.414886833219,0.61641777261,0.348163259581,0.24361706729,0.89748923159,0.701393284066,0.25999351297,0.737936746277,0.239957476862,0.531922351849,0.585328726424,0.373436846675,0.61324418609,0.0616208782022,0.037517205736,0.104881463087,0.0971150000954,1.47460370645
0.90161930479,0.858785157264,0.0099022997884,0.38087618913,0.862820356623,0.000808491490863,0.305102467971,0.902818439085,0.103826495766,0.552630141603,0.693579462187,0.786206870483,0.790285039646,0.982390461112,0.0609130737473,0.0415191524327,0.00114672817776,0.32690072888,2.15121018864
0.0335175366684,0.498314328727,0.638594594589,0.393855362309,0.792789544278,0.506180669257,0.660581391625,0.9140558838,0.900794880569,0.54711556567,0.253406934495,0.120796000474,0.908574091241,0.443847193919,0.564590455606,0.401930740191,1.08675302526,1.28212311885,0.0958056747468
0.813782522088,0.934746227725,0.645955496325,0.984788366667,0.39054935424,0.694983071933,0.537080445456,0.632922498409,0.599941092005,0.444231417987,0.42385486736,0.682890955796,0.87848338681,0.324180397663,0.000482123210239,0.0201734255993,0.0324646610905,0.37161888322,1.24051815937
0.249993009064,0.490996168378,0.690518212037,0.969927534352,0.864682512737,0.139444649154,0.16036703037,0.0465184101612,0.498839690533,0.852202431768,0.600369713556,0.407317765953,0.785748969544,0.0597665796264,0.029261528662,0.618991804833,1.17268493008,1.28935048787,0.766172962783
0.167491497693,0.970565586961,0.911697734317,0.989271794473,0.50755883747,0.899065128747,0.251464367791,0.87704273775,0.570497942579,0.483042625677,0.0444346660985,0.540961436623,0.87567115414,0.287289708759,0.000183425096973,0.0108835526295,0.0779727622155,1.70156761659,0.458787689187
0.917172298823,0.902757096928,0.0490090815632,0.149763575958,0.52720134295,0.45350724943,0.306904037022,0.586092909368,0.373200621721,0.380240995399,0.435454056915,0.298518978708,0.890780382476,0.677866798306,0.0250182444479,0.00599652331092,0.00198445928774,0.167610345935,1.29607896858
0.976477528408,0.892863179337,0.180889232465,0.162274642436,0.467646833778,0.793189453318,0.0594393465235,0.990937504658,0.63933917019,0.639738161273,0.452931612428,0.0735033312699,0.158178863934,0.928650788666,0.0117578624211,0.00306372762845,0.00354844768583,0.0745039933505,2.0443639858
0.88645750565,0.661674980927,0.923763161682,0.00660812281406,0.755210958525,0.598596069271,0.0400099190631,0.179514692303,0.714199580351,0.991972518689,0.303438715657,0.0959483396537,0.953373142915,0.385449411691,0.0225289936431,0.000233859692036,0.187239483973,0.320811928792,2.06436303851
0.562835276736,0.972246248062,0.218279113466,0.00965823129939,0.75996913016,0.386823538321,0.432353309172,0.631168907751,0.733706784747,0.386216345454,0.962088869001,0.0385703110821,0.80465800029,0.307801233979,0.0449070922865,0.000681342901687,0.0160324006497,1.09318238427,1.33474623037
0.973585569458,0.779709917523,0.799649066507,0.0615905689535,0.604960462937,0.686169643516,0.36415306088,0.217612758077,0.471019339365,0.0901892188125,0.152609935577,0.628199688086,0.844047918687,0.106439389206,0.00746836695545,0.000724799163774,0.0230500183743,0.067234629925,1.7215485383
0.957582430024,0.346122485735,0.983176309623,0.409952239084,0.780976061483,0.0317283374864,0.195601060942,0.233549926498,0.973026843287,0.0588083705173,0.699904899699,0.398887472297,0.921608250272,0.629927155925,0.0025587873601,0.00192089172536,0.121045517608,0.0731919805747,2.12038956873
0.136112916984,0.67353687908,0.815498099338,0.264372053718,0.517205754446,0.0648418741185,0.48624781172,0.80746389193,0.854914084804,0.637745386025,0.124725752102,0.528583260774,0.394391716421,0.779509870761,0.208145532826,0.0917748472118,0.762815277825,1.41374956576,0.3522717848
0.250901407323,0.74952606813,0.851567987065,0.616125105563,0.966299163848,0.808133010649,0.761960804177,0.682042204808,0.300492454647,0.746290421914,0.688564896366,0.359059070244,0.943313272333,0.76117202187,0.0851001573018,0.123596122838,0.631897667694,1.56466630587,0.704533400818
0.848427621939,0.979564527613,0.681531090002,0.422870302157,0.538383215116,0.355079572076,0.0360641917411,0.987691907808,0.206077342042,0.679167516399,0.374369610795,0.392626631358,0.28694480721,0.540975378734,0.00476950259517,0.00373416915853,0.0110814283145,0.393290338863,1.62136429968
0.293318162755,0.525623925895,0.537760570265,0.102666825176,0.198841815034,0.282663859693,0.86052591178,0.744358163394,0.676423271983,0.193249099364,0.0631152669246,0.680049292052,0.432526295337,0.704753190205,0.685648339303,0.111542259383,0.782374067487,1.13406779161,0.765894000136
0.241972692832,0.582754428752,0.334507590018,0.689811506546,0.91346236964,0.59814694002,0.142989463266,0.920842697299,0.740602426421,0.440819219054,0.0637281201113,0.226816004602,0.904570287962,0.522388208658,0.45291042181,0.854786831364,0.560888080753,1.45453337605,0.732985662248
0.224438189683,0.374222246192,0.125173621264,0.830885501431,0.510012526139,0.43634826589,0.196148330193,0.744431080408,0.477838549233,0.394642575365,0.867098386713,0.184769700841,0.820943530139,0.514137489067,0.302652640733,1.11238856489,0.229638136098,0.783351512578,0.519712218916
0.201804736585,0.216943722332,0.676966848339,0.36601310948,0.532537851862,0.307982687721,0.0551066170897,0.673329910584,0.784083181428,0.743475200129,0.313267236984,0.156209601495,0.941140776906,0.326550720942,0.651386512765,0.422065245697,1.3960550843,0.566421131745,0.555980821781
0.976640908424,0.997257443837,0.424438459609,0.457571011647,0.0405181143667,0.0689106048999,0.23562937987,0.830355352365,0.939789127719,0.567592901542,0.751641165069,0.996000767817,0.92995386766,0.792443341444,0.000220003766815,0.000192472558455,0.000230023808915,0.0863424779603,2.35211065677
0.763540625567,0.0368150503573,0.193297573362,0.561602609405,0.938545067177,0.273673417669,0.651443953687,0.113227438278,0.432167843829,0.638493911205,0.821760247716,0.62475945153,0.895615206578,0.77599499322,0.393673317164,0.478315828148,0.194097387619,0.0375834706455,1.66946220875
0.983049816887,0.80695238277,0.240427919743,0.448562607294,0.235150038771,0.362824358591,0.864836433236,0.0537291997113,0.230381065882,0.852373121439,0.461814459557,0.25905783334,0.24942199194,0.0702506464062,0.0108378195786,0.00921413370261,0.00564325054326,0.048911252206,1.92438989619
0.925212668819,0.892342166008,0.567879867877,0.267076790789,0.667229931321,0.99546062159,0.206025189749,0.0256215582112,0.563790886839,0.670898061732,0.454281569391,0.421468556775,0.393735152858,0.379670861575,0.0186878738251,0.00833480726421,0.0253675268518,0.190885672157,1.64081971471
0.965952876497,0.455091658445,0.291196430307,0.938412426876,0.246455354987,0.292452402001,0.42738729488,0.0253455345123,0.793831909178,0.378407989929,0.830514126823,0.280353857228,0.573171874231,0.812339966266,0.00594538158799,0.0612645088786,0.0302977415189,0.0595496705522,1.69701673772
0.859499281714,0.940491765374,0.604550752569,0.402429619751,0.88293946028,0.444336781348,0.660774178213,0.659157049386,0.447289071796,0.33993674952,0.754335735472,0.894965634326,0.834792359778,0.14075027814,0.0162246563632,0.0118827723051,0.0281002236122,0.368594682528,1.65013078457
0.905857770462,0.952527657116,0.346171750839,0.341386185459,0.386465623177,0.882618211002,0.0696682316391,0.781099154022,0.788858891823,0.591108973224,0.152193576797,0.814840384101,0.298092811724,0.744529180756,0.0148248848488,0.00881103860287,0.0104260065751,0.269747233401,1.81584704248
0.990274858628,0.602053066147,0.418777065993,0.281042050157,0.689673785443,0.0867722006973,0.251631351039,0.522854094771,0.492906736616,0.395246473496,0.0472159227463,0.0728687925149,0.867012294542,0.677818368273,0.011727599545,0.00554205450134,0.010021611831,0.0227147524957,1.83352419664
0.806228274307,0.00999676035784,0.327520609662,0.662264239019,0.601125439104,0.383516178588,0.0678479582977,0.730914874381,0.488761388735,0.252897137573,0.721150500499,0.474102681065,0.649416435535,0.992632428958,0.216424970139,0.368943218622,0.241773856076,0.00771606007358,1.56428044563
0.959354508635,0.0167431986541,0.0362763014251,0.336878342,0.749794360828,0.170659387059,0.574231318483,0.911852983125,0.0478857812579,0.385905490078,0.0899287324665,0.0924052322488,0.407754822137,0.092245005836,0.11391959085,0.0666200562259,0.00752811621555,0.00347725824742,2.0682631154
0.976371364394,0.860296722716,0.394499387124,0.697392861074,0.341331553993,0.221785789407,0.0667323180048,0.0756108156295,0.0775640280733,0.249470851,0.875757335414,0.859005681132,0.338104568043,0.433589978241,0.00605578667534,0.0117657828465,0.00944056621024,0.0728809872639,2.01093605894
0.985659595191,0.235479076556,0.153355904601,0.883724901354,0.438914906858,0.972352703334,0.130094422276,0.997790040486,0.848121975547,0.433677549118,0.291580657828,0.282398360086,0.934182314801,0.636221842454,0.00753778749291,0.0408103329986,0.0101950903219,0.0165697319186,2.03440461988
0.918437204257,0.0363150675275,0.0734563202069,0.760993867688,0.18228811295,0.136840487232,0.912342776688,0.849476628727,0.371008280737,0.865873012125,0.0838627977111,0.889012269094,0.11527449793,0.415140367709,0.100134911744,0.254070055837,0.0316511506629,0.0156993876524,2.13753970182
0.292148931531,0.590333739908,0.270667402393,0.422101552624,0.190416669853,0.879558419664,0.540266101822,0.944420933058,0.0929707789767,0.48797124756,0.907440992074,0.476901004645,0.062830770082,0.501098698614,0.757939466133,0.591935885066,0.435436971276,1.40757339025,0.869331351085
0.585629246642,0.865695691151,0.612555211734,0.0558859965398,0.718478554756,0.467899630959,0.545845135832,0.61795986635,0.371672026497,0.133329181896,0.710532041802,0.633009097501,0.252895117952,0.699062042956,0.0996005101607,0.00876601179366,0.143485766516,0.816649419999,1.09657482675
0.42584634914,0.747566509304,0.404166304111,0.912524444366,0.444973171598,0.550230902618,0.416384753818,0.202249134083,0.974172549502,0.0052146210996,0.682910294197,0.65174263277,0.492367512993,0.878648541438,0.0591689233124,0.427899465564,0.318185241731,1.28136889603,1.09811787398
0.325004200356,0.706389718156,0.89424754555,0.705675589732,0.0708737961859,0.517651697404,0.804542355701,0.0364815901406,0.121778274716,0.981346624967,0.97309149607,0.550804609111,0.616561745154,0.301503564144,0.0614593336955,0.123326579751,0.821852226411,1.67688688846,1.04868473445
0.402383003244,0.501039100017,0.015086610923,0.556934487917,0.0677108998746,0.45327978259,0.354289449006,0.642619857573,0.184691839549,0.055049335717,0.0321198327856,0.359709389329,0.192240323314,0.106730862727,0.73596836422,0.88096115346,0.0272087173488,1.1520063639,1.19107120266
0.467836724119,0.701057214955,0.958056440835,0.530797076573,0.0404837859916,0.230450389829,0.336501960059,0.716319098325,0.746761766184,0.688118007587,0.313006501197,0.511927807683,0.879589989744,0.307218722389,0.024807823427,0.0273321109359,0.559435040186,1.10487251847,1.11971342266
0.620342006538,0.734413469272,0.90737442363,0.409427815447,0.394127923382,0.733697971243,0.224111735033,0.586572052564,0.529672127838,0.927954287287,0.427223380622,0.322616025397,0.630547788537,0.765393902043,0.0384864420914,0.0288423834084,0.328220449994,0.748482632252,1.20607217449
0.283860016957,0.788948709861,0.589101149265,0.714215579195,0.54429994855,0.708456878972,0.967648231759,0.887618389205,0.00654317164048,0.71317766225,0.15940275629,0.451422083243,0.754115315174,0.550700541336,0.144801514969,0.300598724808,0.443085244955,1.61135164713,0.814566141628
0.0709726045494,0.813051869769,0.168433869665,0.268134535472,0.3141890731,0.210174567363,0.20479303435,0.673327529214,0.934235161545,0.918468332806,0.954451782693,0.75718914243,0.0119152082382,0.282902708573,0.546655067346,0.24489836104,0.162286402943,2.05224535403,0.24001891671
0.624716698817,0.079119273929,0.607949507,0.665371499002,0.755036426343,0.717123545619,0.832197154648,0.246963640564,0.291715301498,0.0894617741303,0.48418857123,0.4693618065,0.191308159748,0.062554121262,0.285613985482,0.492381829079,0.804402970803,0.123104407253,1.48483812406
0.801648884819,0.794504976241,0.442129941792,0.993514881555,0.852794744871,0.138051245193,0.29234165665,0.862424403059,0.591139666301,0.941175693921,0.983650518812,0.0147074847246,0.0305449228157,0.594722244203,0.00177472130498,0.174211712801,0.145112479042,0.67786515537,2.21941244759
0.199492210616,0.956831832104,0.58014212834,0.433657455393,0.57518393399,0.173194619922,0.339515126187,0.271014557054,0.922889607264,0.212461260712,0.963728321089,0.0280581983007,0.258204097292,0.0744499096022,0.0653337947738,0.0529613624011,0.108475668124,2.02113353608,0.656432789259
0.168323583301,0.96030924288,0.558579643869,0.366650124993,0.515865179329,0.797012856394,0.967168843903,0.815943628538,0.0506889336781,0.922956947519,0.0795673898758,0.344598102053,0.223434019614,0.153162197081,0.0704394199093,0.0457412920436,0.101064057734,2.10497796871,0.571012597109
0.821375330237,0.858401861133,0.572696487958,0.331781389977,0.880341793343,0.146263786884,0.466573401268,0.499860383017,0.579515408005,0.664024043681,0.274839981748,0.448717318189,0.0149357498152,0.575528809499,0.0526648390762,0.0302351183957,0.0764609365473,0.431732851412,1.53594320939
0.882396297641,0.645628976677,0.172753671223,0.887905921967,0.640300438993,0.529816191307,0.340862851565,0.0266412972374,0.454751160059,0.175307791893,0.924758169758,0.683195795995,0.426464376059,0.289248799928,0.0268794584124,0.151076549139,0.0426931870905,0.25595587556,1.61331781974
0.559496979369,0.889894311494,0.837809753726,0.503156487975,0.133971707217,0.247000387217,0.67361887725,0.0989973111528,0.993097386234,0.43067136335,0.921680911736,0.6688806965,0.732825281251,0.582215574414,0.0370742056505,0.0374436832539,0.20233225327,1.19680700281,1.46624114908
0.805095360023,0.741701266355,0.178165682904,0.778957284965,0.209898558135,0.341517413104,0.786272889662,0.0731864423513,0.428714097877,0.691282635957,0.37793737541,0.537649038918,0.230078674387,0.52480696068,0.0585453481009,0.161784044393,0.0494483777478,0.416733787623,1.43488102292
0.919056464541,0.74340745162,0.0686561136235,0.0807387978791,0.930819587101,0.512598609663,0.0433056652909,0.893338428249,0.188521525841,0.639768244178,0.662209536084,0.566004800697,0.471879291212,0.0942896426499,0.0913147069645,0.0116434080165,0.00996621324296,0.217148851359,1.84663569763
0.865562871251,0.524770441145,0.783373104987,0.121768941038,0.358632980195,0.334535858749,0.658766879139,0.781779552176,0.153130475827,0.488713074882,0.553450091525,0.558815309733,0.170938627586,0.381685242317,0.065340883288,0.0126527064146,0.187981867276,0.215570915827,1.36988887268
0.900372426798,0.523815595952,0.0734767058737,0.329767852997,0.614608376657,0.751911955366,0.466121356313,0.194346522131,0.665978913565,0.65079496934,0.727424848739,0.894600038529,0.93553055779,0.289409744567,0.152138268411,0.0867046239278,0.0203009605673,0.189992066614,1.64259960576
0.59468128805,0.370276162454,0.0231778321119,0.929635246195,0.651831468832,0.19935012271,0.790924348275,0.205283499677,0.416244535854,0.601172491861,0.199030714855,0.195977229417,0.0554325214734,0.086930135732,0.101493722979,0.914514387626,0.0335145504463,0.605384557386,1.49033310419
0.737507607793,0.52690124014,0.505142931694,0.12702044714,0.218207751286,0.80459008974,0.639166636872,0.0814971872099,0.54169375297,0.633983551104,0.468568284598,0.42605531462,0.625656409628,0.402259455076,0.264346196436,0.0534544343571,0.27408973242,0.418479988386,1.29932845409
0.92338349074,0.911903223266,0.836175214159,0.180017948288,0.505330102304,0.181254331761,0.0162144412552,0.461924767625,0.833325887371,0.286437814331,0.0622001096012,0.711712208903,0.62125916116,0.0068127374659,0.00804743417159,0.00233824178898,0.0318434375438,0.236426846249,1.97388708258
0.931852143278,0.85258786261,0.641003806186,0.383770088543,0.743052404811,0.313428994037,0.899812367426,0.13699343221,0.615544985761,0.838451882388,0.564003868838,0.970767571224,0.476601304377,0.279711884193,0.0193043843809,0.0132870446399,0.0370568624132,0.185955929947,1.77796453108
0.769759630071,0.904959834056,0.874893778334,0.769315390153,0.559342884731,0.873517775909,0.989476104407,0.503392060753,0.0283916290828,0.496698605686,0.349663532111,0.260551925958,0.564561988759,0.111843124006,0.00670154927256,0.0176776197395,0.0949603702089,0.643743030717,1.72081350757
0.280507858649,0.464500511832,0.662602228942,0.16817868495,0.0318423918212,0.092136860653,0.328983047847,0.869470288017,0.775196190944,0.0361777813874,0.208513646603,0.032561401701,0.174642043143,0.0045126772197,0.821521362992,0.222218582375,1.45255779398,1.50549759626,1.06496082054
0.982317062442,0.45793665871,0.271585545141,0.140006276744,0.683280833168,0.125705082752,0.673712338436,0.176901587312,0.969903179168,0.782733380747,0.381458564548,0.274918248011,0.239991640341,0.0356316973618,0.0363241424576,0.00811978384004,0.0169174772965,0.0358100539695,1.95620553573
0.856326980925,0.0313412732905,0.191366974745,0.255646842594,0.0948604277799,0.354140765694,0.459346159249,0.0622912147805,0.835553633337,0.987080769785,0.965093751109,0.610603111777,0.0480415761177,0.20791923017,0.441449623915,0.187458958955,0.148673051157,0.0247396306054,2.18965148582
0.934698159038,0.752973717595,0.476380486973,0.912990664894,0.891497071124,0.279631238035,0.465060303885,0.0125283722927,0.954224927812,0.743585218241,0.0229542819741,0.420278025926,0.248596819546,0.774283161101,0.00804140067819,0.0584695771826,0.0547953097018,0.197026704154,2.06777252838
0.545089642817,0.836687270792,0.382903641255,0.171568205454,0.227906230351,0.122607620946,0.821045584696,0.216550467258,0.644338582459,0.780563848764,0.526527567123,0.69595082628,0.238295441361,0.553398571588,0.212725993239,0.0587588592392,0.151458180831,1.0204127018,1.21605012659
0.455687823884,0.521565388766,0.33001871984,0.912078605404,0.359960370582,0.211946927725,0.24408387183,0.946597163706,0.462941749034,0.975239512104,0.927773540105,0.265431549909,0.557973865569,0.305872697234,0.115438903611,0.830547032801,0.478322411704,1.03308665621,1.22962547355
0.494963346601,0.0581120993994,0.694916182286,0.540453819965,0.761459225366,0.137222084445,0.370148784329,0.932650761022,0.84340529006,0.908875618813,0.0997849993962,0.051618813781,0.00727717676641,0.664328375977,0.501688692573,0.56987254093,1.46113003732,0.150725804283,1.6275422848
0.622138122881,0.303931477685,0.521089101774,0.0365835998777,0.504996248222,0.729074664907,0.517518266605,0.522837024005,0.516836263888,0.665619319499,0.577544628203,0.010202564081,0.984299042657,0.196489786575,0.56037628563,0.032237732329,0.599779706442,0.424965025678,1.37079136915
0.594101596695,0.737315525072,0.854739157841,0.352337551506,0.780911030744,0.840068567854,0.992027510077,0.990360278526,0.194286655146,0.697069202888,0.801269291408,0.651847674177,0.219244942187,0.232956640518,0.0952390385014,0.0588446663182,0.482094379718,1.13059416401,1.66601645921
0.653936710393,0.694699678165,0.34799032785,0.255179830345,0.963773856181,0.0825921910597,0.400714121846,0.467108922253,0.798641469401,0.0763489138553,0.192036294264,0.628125460125,0.602439911799,0.595936246919,0.337849784739,0.143173462647,0.223267662941,0.825913310611,1.5404338277
