$0,$1,$2,$3,$4,$5,$6,$7,$8,$9,$10,$11,$12,$13,$14,$15,$<0,$<1,$<2
0.985621250281,0.333168321435,0.173173092758,0.59384008821,0.499738711149,0.930716542784,0.0484873320342,0.225777711862,0.490801243777,0.7933495827,0.0250424263903,0.965851324425,0.0772708632125,0.0270638246962,11.8770176498,16.0190416825,5.56242524824,11.9457233041,1058.09002806
0.971543272869,0.290557998355,0.863882309776,0.921476775266,0.912211065483,0.839774568716,0.983656196162,0.539369971204,0.730283555328,0.132806550488,0.301704601333,0.0879839383995,0.671607525577,0.983724833107,1.07901137168,8.70357651593,40.3911056276,20.2934200209,1029.41914196
0.236354437114,0.318756234019,0.142043370032,0.909515155937,0.894949034796,0.98314115721,0.150468803531,0.0976381641587,0.190728841603,0.0940324223815,0.199367228223,0.136986207705,0.991714613332,0.00681886503331,71.8690323889,502.235832701,115.117648957,284.686619442,230.884285681
0.916864810478,0.778623279858,0.0633447468314,0.89184619388,0.40090065076,0.481599001695,0.800998390809,0.0160094290037,0.514948153986,0.0816357700626,0.425659916519,0.0854356274331,0.630755291492,0.569235325369,5.17305859999,30.1563775832,3.05452632485,84.8324271368,687.041881023
0.946097379355,0.92132284737,0.947801085802,0.369396660919,0.984308294344,0.106155372981,0.123481344173,0.960506958801,0.0578557157983,0.985705019313,0.487510950818,0.856122912938,0.354764449152,0.69104373939,0.797801372033,0.522975882292,11.6081329247,93.7640608606,1113.24858986
0.320365148768,0.29369389897,0.0760243191948,0.000731169280262,0.087207733071,0.0252213380076,0.770469036723,0.130643167765,0.955671709466,0.241933679894,0.803056698587,0.087245635083,0.109862709528,0.410916326431,763.76429876,0.877197445632,91.6438701008,382.398888319,472.907711448
0.161204007441,0.609725568295,0.769369129669,0.415225290112,0.98376215402,0.10602030414,0.45617236557,0.831901746284,0.910116766866,0.860494365739,0.615884914514,0.509468559271,0.442098753865,0.923482835409,161.572078499,123.398417005,536.421411104,815.481745978,258.007607516
0.931428733651,0.686084406247,0.995718119084,0.594730755861,0.930032823674,0.175530834553,0.594005507545,0.17915649213,0.265797168873,0.772025290038,0.183738944569,0.192506084093,0.166603853124,0.0408346170469,0.219909264367,0.297470013196,54.999532649,102.351125699,1074.56881541
0.996023460463,0.228699738082,0.644079235994,0.577796821991,0.940717956709,0.1053047783,0.712903347014,0.353865115185,0.365153965729,0.437367689919,0.559642413063,0.846714064867,0.625112889418,0.10679086329,2.50002794007,3.20008715729,6.49046861505,2.87516779297,1309.26804681
0.427600103369,0.46605873373,0.356774165581,0.00545611916342,0.400946376407,0.592669073472,0.0874145948787,0.729554525376,0.402048140323,0.270050407711,0.583152465808,0.994538173545,0.167940413439,0.999811452707,292.038432581,2.50296263458,183.270819766,309.855625057,368.524121966
0.166352498485,0.112257314702,0.779763895637,0.780922506668,0.331868087814,0.915419733835,0.355961262367,0.293292655408,0.705311807923,0.24167957571,0.925672202042,0.271784335196,0.922503854434,0.387823813375,108.41814844,302.517716428,891.570719749,168.868224866,257.430974202
0.278709575901,0.0936201788652,0.66381402309,0.822936025056,0.480399156516,0.216903274717,0.236795030412,0.870927261682,0.428242056537,0.0519810792912,0.719591503165,0.432856429854,0.902272319488,0.484172457369,131.711972904,461.285648639,822.369395452,141.02678914,450.514595627
0.075187230863,0.790137614506,0.343327191217,0.283235042489,0.0604309408439,0.315319422856,0.993550281991,0.813660396724,0.689527356185,0.0420523588224,0.0888194371857,0.551901531371,0.00042398035526,0.301667864342,205.569662899,98.0127426483,136.296431615,775.744305289,97.2850178856
0.908083775765,0.487536957804,0.537008840332,0.550241692351,0.805546244901,0.696399047,0.429811954906,0.819016157012,0.594392195512,0.705077001289,0.214182764626,0.817973007966,0.632763374608,0.426073783187,27.3650486638,32.0649977709,47.3645120303,60.971430187,605.017011354
0.207479087916,0.148665826372,0.468920558569,0.917835812793,0.16458196582,0.12302798713,0.465167707882,0.307251380569,0.897041072914,0.392255260323,0.980764000386,0.925569111699,0.444658372915,0.686715783307,80.6339770001,621.290668568,568.133521872,201.171050602,293.800311981
0.979475724774,0.00171170312877,0.0188141151502,0.473972972938,0.380022940959,0.212043977182,0.927825508867,0.683167391959,0.959881036159,0.791337055519,0.587961854316,0.482308154717,0.772700900001,0.0654393959581,21.4113244476,19.7284623227,0.860677051051,0.0783157544884,903.156742746
0.593255773286,0.960073961938,0.964950683992,0.245821280239,0.611830578024,0.434271371254,0.316211183065,0.730542461942,0.482019976274,0.872651356651,0.107165750054,0.604243257831,0.989194956103,0.254953229949,1.59595647994,0.648826844487,31.2606009286,498.551278376,672.451058598
0.219247343649,0.971971241574,0.309154279989,0.920277353545,0.120144278078,0.549371875014,0.197719461816,0.0759794177926,0.800137207272,0.600099060769,0.590518290888,0.86823358607,0.104544170055,0.04936230111,3.79980419428,30.1842979331,16.0561921006,780.816105141,280.34041473
0.769000484278,0.865341141025,0.99949577503,0.856696015375,0.71990064083,0.129328563182,0.566971185039,0.810895853584,0.524451375296,0.998667069762,0.508616761735,0.584625780815,0.267991316943,0.848631776356,0.0123271479757,0.0538345589609,69.7290946506,324.723630398,874.789396284
0.883084896326,0.147989139109,0.168753132983,0.239041026541,0.130353407183,0.691184481541,0.987237251241,0.0102104664425,0.499604968999,0.282085884188,0.111746126258,0.483360121646,0.283773384991,0.413656321282,80.5258292793,31.7421996261,23.4969810692,21.2329823886,496.212776645
0.98673568618,0.493791918347,0.96853016312,0.175563218828,0.0315444466694,0.350756242607,0.228013464963,0.882863636463,0.767005398113,0.693141971596,0.269030560366,0.737174916602,0.29584901806,0.30249886793,0.746947979124,0.211374684399,15.6909791424,15.4067197875,1055.9280207
0.990632704263,0.00227220577426,0.768494445402,0.830572128723,0.1665233952,0.386508160727,0.920222097352,0.06681545512,0.295800408109,0.789084602946,0.150699485288,0.0985172205087,0.787501993535,0.261526836557,1.29306365131,4.74338915732,12.9186017294,0.0493351631202,939.343645456
0.990627417251,0.706264661207,0.827630395038,0.518105003424,0.0648002216374,0.727020025931,0.0231042794572,0.502177200636,0.679808654951,0.798045397658,0.653946477481,0.968272615526,0.894369143922,0.385525230462,1.10310880686,1.16770656109,5.78713870753,12.0797364967,916.251900136
0.955598929702,0.47158568381,0.819292630127,0.974205527358,0.421489223149,0.256256825404,0.83413365677,0.460999361538,0.49760161572,0.221399956438,0.293649781696,0.611750655792,0.210268595589,0.602055118819,0.453270653843,11.1808113787,38.3570846755,36.5394995382,775.059970123
0.986812398642,0.0378531888296,0.927832364526,0.75425602416,0.00692155193843,0.212324291858,0.585137311837,0.261853233214,0.961877337878,0.451370520639,0.0377119063398,0.753188847869,0.706223275711,0.636160161424,1.11138964563,2.7347004195,25.9283486101,1.55348088836,1261.80338107
0.393380480964,0.654145197964,0.0267962252743,0.0248003277252,0.493856139397,0.0397289287481,0.986435757498,0.713159637018,0.29234763736,0.888432090703,0.0859610935326,0.0338966730464,0.89473433461,0.996070955897,267.997298872,10.4454579547,11.2956212586,444.52309445,369.096660645
0.733028569129,0.930263733389,0.710350964738,0.226813696178,0.14622685062,0.617279249774,0.423948148055,0.480646951937,0.689788335526,0.110173561536,0.303765944065,0.506099093206,0.89712034239,0.137177582806,12.7758430478,4.75465244489,27.8650566332,282.054163313,636.503705672
0.98682239695,0.534261256726,0.0269397933815,0.672099493581,0.537599918736,0.719914372069,0.773084953461,0.517017069505,0.106199957053,0.741593623974,0.784718580594,0.471408551977,0.204252066309,0.468731771072,6.50782405449,11.4973678668,0.559400062137,14.7290171393,956.120964915
0.965999117061,0.800750213792,0.130567635426,0.0150603163488,0.285032703051,0.611154014648,0.599187115636,0.177512523252,0.0823316362143,0.352459600126,0.139144599475,0.985050557104,0.167284062275,0.446529992263,16.9237276768,0.400434074833,3.52146076921,53.4299313649,1050.48305386
0.738124650615,0.861313230557,0.0375558999827,0.690718937891,0.891295345532,0.663342367142,0.827477742027,0.99725947958,0.766640120552,0.810309098538,0.494905255095,0.502224136873,0.712710068288,0.60615806294,23.7397002273,44.9591937268,3.0027857211,230.078452966,540.179206628
0.943012784876,0.295843869925,0.99894218933,0.290518211782,0.636525475001,0.298929465748,0.892639212896,0.383281757957,0.0114360987949,0.998035874634,0.891463837308,0.935516045722,0.873381504184,0.048537245893,0.104760321784,0.0514273355864,70.2347912565,35.2108056503,875.345534746
0.967402791711,0.974431271037,0.0487132897946,0.631548777415,0.820810705947,0.141529177766,0.0113092724618,0.493780087899,0.415279343705,0.914106288533,0.792913949631,0.667452139038,0.593921774796,0.0237721975685,0.81489518702,1.24716085333,0.114219485109,37.1821182229,726.113375735
0.499686868387,0.947352616032,0.10503708934,0.161222155706,0.265956685453,0.881723425092,0.506123519372,0.916603207837,0.518931858159,0.40526726106,0.748162330262,0.588436970613,0.0993469420787,0.935705399704,44.9960618217,11.6451467225,7.73893370736,568.463355932,569.851916898
0.24312857707,0.00854327480632,0.438466187602,0.689025312299,0.598364055646,0.870441896553,0.183193951528,0.744333815546,0.748907567229,0.532792055893,0.734523261676,0.183606930848,0.839547136071,0.110748604811,405.510148419,763.048095426,711.351726778,15.0208405985,449.554687064
0.307420883535,0.29448397807,0.625669486132,0.107485105758,0.111013345188,0.84508777584,0.305636161205,0.773093506639,0.712356594078,0.374680644991,0.832526159611,0.984509736517,0.612475768603,0.940077128651,419.201970378,71.4571707885,637.880733398,382.28923809,449.14623794
0.519595597566,0.415890128083,0.452244250353,0.0182377976573,0.850284892502,0.329473855867,0.801195999651,0.183989316979,0.696918677813,0.375186297686,0.914712835178,0.17160582202,0.892579080199,0.423337502294,338.436473099,9.69813581746,291.241168411,341.826245632,598.139110965
0.249839634005,0.196503382708,0.241240566479,0.782481331072,0.744772946564,0.687908701071,0.45302188022,0.0673440977841,0.903729339872,0.434237057539,0.609411724038,0.220960031497,0.45026149237,0.727903697291,327.423117985,920.696569046,389.09883644,335.375388724,456.955986543
0.0970750438982,0.742219099251,0.527001707949,0.47723345934,0.765790809351,0.566066153037,0.341801861948,0.938155352581,0.163156018597,0.592780742339,0.0444245013026,0.167559074685,0.962620316544,0.562863487719,312.450625845,290.865861577,464.721449123,1472.27504708,246.162721886
0.977049905658,0.122489714274,0.120433823957,0.486768526296,0.449444135758,0.928512457613,0.726786130733,0.206608560041,0.957392912367,0.907853835814,0.293313949383,0.413361726332,0.924647130141,0.819912227015,23.9546923944,22.9790826636,6.35560925962,6.58427339927,954.725976956
0.279623539754,0.883728374865,0.243124369193,0.773101122613,0.38681465313,0.81125234957,0.108376759141,0.12282073269,0.234116841764,0.258668705882,0.853075745865,0.209388922746,0.163131018612,0.38902739856,52.6724027486,141.473852869,60.6283941106,880.796852845,420.834940147
0.316686697212,0.663081754395,0.425151471362,0.934580835593,0.845076628487,0.0421810555568,0.818985991658,0.988805719139,0.82825275205,0.593801743286,0.20946584717,0.272098695173,0.450456003253,0.701637841148,36.8560933445,357.397890763,283.382583389,782.377779304,492.157398104
0.405160213519,0.0209369881899,0.900843966196,0.16397032541,0.198371351539,0.600510606096,0.839660959922,0.382196101165,0.659989126822,0.0420036837254,0.819302161165,0.525191769596,0.66821770917,0.973017186168,133.604174972,35.1933197098,879.866176654,29.3019552755,658.545117352
0.357597488411,0.0224727394927,0.601583543817,0.13612285138,0.392403096735,0.881746139205,0.901081440274,0.367172488698,0.0367690036098,0.541856068117,0.841680142672,0.813582971684,0.496498260117,0.974373276071,483.960557496,105.087483199,685.215167782,29.8567715988,532.403898665
0.397228610354,0.0366149390452,0.038361634449,0.715323994766,0.113722887245,0.0220971737396,0.60762228229,0.300536717302,0.471777949733,0.40693227304,0.859369204346,0.150231796406,0.891717272587,0.237028217885,319.910375767,667.081668826,44.63462685,42.6751661104,534.461021934
0.609251968969,0.26277936016,0.091620251856,0.221909083369,0.254469926066,0.910636425461,0.541383184393,0.844357235242,0.404637803492,0.623212127586,0.589463256709,0.504494391357,0.300081981338,0.904300708829,381.934998796,138.800256558,58.8911800124,179.823171013,636.230755359
0.395769820077,0.327344087392,0.584327200662,0.681416753311,0.955252308764,0.413738262247,0.530741352569,0.274121315562,0.501702602944,0.527584410429,0.190480269543,0.213094368474,0.579526853582,0.267925678275,186.303045965,340.677668187,507.670081466,361.033043466,525.909019607
0.683450643811,0.199441298576,0.0748823384855,0.494856091102,0.000906833852476,0.161953531816,0.701777375719,0.30146501207,0.613446651532,0.225096551882,0.897733104698,0.402371942448,0.547989639239,0.993091016694,197.43342482,194.268392254,32.7313141904,90.3532310155,540.209945648
0.597440243242,0.356554474777,0.206413959088,0.383151404967,0.851532529057,0.5965991058,0.993312375476,0.334430759982,0.789412587665,0.216348578485,0.504492726772,0.919035589535,0.901763978535,0.191386007775,242.27082294,166.406205945,98.7835447194,194.431377906,499.504614448
0.969017819187,0.197397960806,0.299666345609,0.147908325632,0.997396627252,0.580137116526,0.719376357974,0.539533050293,0.357812764153,0.542511732303,0.521450387341,0.12432111574,0.285945363937,0.0110104449005,40.2125959248,9.51456224574,21.0277822375,14.8557833102,999.63100884
0.425398732468,0.852626195649,0.890043491582,0.608419000406,0.423749302807,0.530696528077,0.0577616610409,0.519728590561,0.814543028145,0.0189727431494,0.272581812303,0.927819786217,0.773065614527,0.806651955551,18.4503338671,26.1140736318,183.278745064,789.270633659,640.087304312
0.972537386209,0.363210036692,0.338890998526,0.639702089292,0.273308661678,0.88504841965,0.518421001986,0.312316091702,0.348992235628,0.922959179226,0.133745672396,0.21717866465,0.430838806605,0.876500156026,17.4254885165,27.4297956104,19.1422170438,24.2026653447,1038.18796438
0.983032724279,0.471636894119,0.0935533838461,0.740487214213,0.269696344763,0.534763535909,0.0176739067255,0.997695655493,0.266359777974,0.561861226939,0.590411872663,0.570854327473,0.7389644132,0.0524779893768,9.85927598237,22.831366091,3.68114648401,22.9942212249,1278.01715212
0.418294317404,0.477157235676,0.330886686326,0.771658297239,0.0839757943938,0.177220708222,0.294499618509,0.502224338455,0.887951260134,0.895587848628,0.362656465717,0.559327250358,0.75229057906,0.0392981591819,175.651024594,468.534355574,286.334738345,536.555845037,607.524759969
0.432443818683,0.591935559736,0.685005096495,0.726213796048,0.387140659862,0.990433500307,0.42883353335,0.32190183276,0.962429507597,0.927361210044,0.519872629077,0.401308113602,0.316917088397,0.828896300457,79.9378390145,174.271741608,355.346316248,541.192734316,545.221563505
0.380210945873,0.239696981189,0.176546574075,0.0485787578632,0.578298334758,0.320127116974,0.807230667871,0.969639737201,0.745356490021,0.647205148034,0.181421301946,0.569429546656,0.419750178751,0.198168562134,748.445912389,57.223021912,213.669567406,308.571937521,570.75081353
0.450076868805,0.323982498168,0.251164261477,0.0473240881839,0.187115587229,0.202681979512,0.870697919926,0.216569471529,0.435712584023,0.684015066185,0.460260995584,0.334280332904,0.731221797252,0.469302618739,659.545423921,49.1188097871,275.36734807,399.704795619,700.831933094
0.883527055855,0.669916419773,0.987972021917,0.354626427428,0.0909373860842,0.981048959651,0.934206013901,0.132454053456,0.0545511254511,0.687566890111,0.206423160549,0.340645772064,0.164703018927,0.527074037546,1.71627964253,1.06897080636,107.005957575,187.577676825,1167.21081243
0.808683461776,0.442781299867,0.976559525515,0.0189090010053,0.419983015255,0.21494223135,0.194361521271,0.902821547865,0.045379757216,0.850831123511,0.576222037063,0.884775892492,0.0980179177542,0.0384610599728,7.90100753412,0.234746258296,214.581104515,179.223202212,902.51285071
0.973048313416,0.743467338805,0.395560504605,0.120137386473,0.324155405386,0.517709493401,0.157123311344,0.677310118748,0.0178260533456,0.872079178092,0.206650114701,0.566097022172,0.231379185822,0.581987235638,13.6802617027,2.61270933169,9.97128866926,40.1817978185,1031.14901599
0.965322563316,0.617286861967,0.484535313076,0.816570515226,0.580720723078,0.924660665748,0.925647663593,0.794211568573,0.907365685482,0.150548485871,0.939335216013,0.405122112887,0.0681611151645,0.233385179686,6.84557168935,23.097451796,22.9476692437,48.5105662215,1078.83606176
0.644168927948,0.82946965128,0.369544505702,0.529011019872,0.757844764799,0.693092877141,0.185754951166,0.30871715071,0.912700868182,0.853161236112,0.974381574837,0.538312180218,0.790445198225,0.608665942283,69.1852101679,75.7966701704,67.3064464051,447.150007356,741.339128351
0.499292231419,0.843850537388,0.748646906063,0.645476898031,0.83073715623,0.180497305181,0.782701608105,0.439691329559,0.0500666706703,0.720767442245,0.93260576981,0.606020072346,0.281463928698,0.183375876559,37.1111410241,59.6051245084,168.497781285,729.236315803,750.06642182
0.891528126007,0.920645536103,0.645812378915,0.731278027908,0.528092566355,0.627414159462,0.278367099548,0.558563531949,0.112467352787,0.367894196205,0.416821058252,0.20480634497,0.624082665758,0.607264462085,3.96021484516,8.8180604934,15.5438780335,146.085949714,855.702199606
0.836754842612,0.383740850179,0.597318555951,0.0054245482728,0.278680875467,0.618162354278,0.644787753644,0.853733276907,0.945917980728,0.570697976242,0.932678165645,0.203555937296,0.410561012677,0.326848434861,148.963651562,1.26932921481,203.232645956,173.420518913,1166.64956908
0.508774210219,0.0335783027193,0.292183725859,0.449704933286,0.499890727666,0.651399316761,0.13153748956,0.644438468257,0.116063517012,0.585858392568,0.469197702029,0.657555189504,0.886810497176,0.188259132277,504.281025705,430.292620397,327.581183133,39.0373375508,761.159725307
0.43075585006,0.316760204681,0.34271010025,0.965382404026,0.309576123509,0.581007769197,0.926095036482,0.157989805007,0.380114449273,0.668740655765,0.0834115717936,0.636770821136,0.0609996968485,0.330719735571,38.1084753886,700.126384708,418.70551275,443.568891262,746.365447721
0.415830631717,0.0232371517865,0.389565919133,0.81153155112,0.470399919012,0.739747617589,0.746236158387,0.25491954759,0.783918851607,0.581076129621,0.636400633088,0.347215954465,0.532271482074,0.750469676618,295.067479004,967.406855417,709.797831321,45.1211550681,946.178397878
0.822105123068,0.25505829187,0.000348673505335,0.380575861113,0.0699974707197,0.465273537924,0.0217685600239,0.21173751951,0.688643071196,0.695811967211,0.165210358097,0.162454616043,0.322607372144,0.851263758296,237.54243068,161.747973517,0.157398098459,121.721902399,1087.65939406
0.847585846308,0.678557228661,0.0886620622969,0.844534199489,0.429953948766,0.0826797712843,0.192096706086,0.206129594244,0.903376348428,0.142356265141,0.078893736043,0.260610073902,0.8089195883,0.350831163347,26.5161989446,106.414577584,15.3730524218,200.359646275,937.866646135
0.805250000589,0.92906599917,0.401147803059,0.149767719822,0.712858420503,0.23813263862,0.728665732639,0.975468078343,0.990248452181,0.114530779384,0.30298233135,0.932724361529,0.605255014136,0.040119386471,24.7435050722,5.93084243747,18.5565997207,281.46681718,896.767912286
0.824708902469,0.968760233257,0.292785651674,0.304907432804,0.237832228361,0.584271451214,0.83325893337,0.268862351813,0.50151544477,0.156783984754,0.222480875881,0.12548694945,0.00242680495936,0.595546959171,10.3133830615,5.35546940835,5.75624344599,264.065919431,935.79746387
0.680716798624,0.92175715203,0.0583566727953,0.546154738212,0.627222288267,0.713397954776,0.939545434806,0.612270635466,0.161551977945,0.689201009395,0.667061550055,0.430218852332,0.00313295858892,0.206400708485,35.3553856872,40.8930820323,4.96921406373,439.467441265,807.616684006
0.815218455857,0.731814311431,0.00851158478633,0.949389829631,0.737893415568,0.727634003313,0.84906855044,0.731859709168,0.327699613494,0.371987139079,0.403042071641,0.977663156768,0.117334243482,0.687594464089,10.3139527401,129.464649267,1.73652562978,289.866354657,1063.4336089
0.950300263017,0.675298593532,0.574686702294,0.140137998895,0.108637965273,0.954551922588,0.877487152084,0.61106309888,0.366930762331,0.808791435375,0.396100530333,0.832411498688,0.306064273296,0.915306193632,17.864672245,3.99729352975,23.198087385,52.8256488231,773.766396819
0.968115501004,0.829586145113,0.504537446091,0.767481395352,0.350359884121,0.696749599945,0.189781195368,0.693684665777,0.326429241097,0.474451983903,0.7435627563,0.956879951467,0.664618006544,0.489342408848,3.5205102405,9.20644176276,9.99811489865,51.189949815,1058.93946942
0.623017092142,0.546864966476,0.856501735087,0.350488751112,0.853657882397,0.668027382048,0.906305559114,0.924342799987,0.906795453951,0.833988805504,0.993704533052,0.696107703964,0.800746539292,0.165649957245,62.4400515987,38.3292824188,319.515363228,380.008244147,746.046797569
0.792808930546,0.712417096331,0.976417166933,0.605447149713,0.065023562351,0.641218918328,0.835343499112,0.217926562085,0.293387233086,0.620560304608,0.608725664678,0.454964302955,0.612032183693,0.441923030942,3.35256628888,4.69843205368,155.741770311,321.207905161,1057.98001162
0.514130352312,0.774386303862,0.553043046839,0.245619744757,0.444900264977,0.60734542895,0.933237451236,0.986228071451,0.937833642143,0.00989834649101,0.186360040704,0.256564276315,0.522109963459,0.21344163394,148.501413724,60.3176137342,189.494884863,670.761490436,747.68184703
0.973598833821,0.101716709977,0.169573173223,0.282687219581,0.964773171527,0.90638851271,0.777943270675,0.347973903048,0.925776506034,0.279408408365,0.435816371487,0.851603242416,0.442042490434,0.759196771667,51.7771986409,24.6319834582,15.6445102766,9.57773190298,1450.80091648
0.459374620023,0.166307109315,0.142170038349,0.754791547983,0.395594506906,0.776572549111,0.132793842472,0.549911930289,0.15373857098,0.504198380443,0.679133845922,0.694714757125,0.485707482484,0.949243354606,271.506480695,669.687078216,164.115600034,198.110787367,674.914790648
0.365708897325,0.239564819205,0.155139255719,0.293805991227,0.130127141095,0.5323607714,0.316946490726,0.0619984339407,0.78601211182,0.5056224481,0.97667449244,0.277922627328,0.464718191685,0.667131167296,744.933145031,370.477641193,206.856394736,338.752598988,596.656531134
0.39074466116,0.834142411965,0.680878834594,0.427879601209,0.067491314634,0.887407689093,0.660160158858,0.13220491342,0.269444148356,0.356495959942,0.990773718905,0.240879101368,0.323612598719,0.984597563324,101.012933836,80.3756978272,235.581047301,1007.66313273,734.75488928
0.860597392882,0.67657719339,0.719228375305,0.0361150409164,0.0678139395132,0.161913692986,0.931469343933,0.330776404673,0.106297890292,0.648135073026,0.918670927886,0.521189898937,0.40329388954,0.0333041868604,54.0026011869,3.06682435192,114.585574498,227.578487788,1170.45870027
0.617373224747,0.91613493544,0.113397262579,0.54935883924,0.437007345829,0.17147022487,0.677995671232,0.807060108057,0.640613451002,0.872583974703,0.434474951283,0.823243214051,0.884892554258,0.113767209615,51.4742699372,60.1458610749,14.2522706409,607.067746971,893.131133018
0.877194472639,0.671793340755,0.921671388276,0.647441631531,0.0071649958197,0.144266333756,0.201767946751,0.172736037059,0.691528033393,0.930713026423,0.0517244261339,0.926379918043,0.200189137638,0.440737365332,6.62692448887,10.7172434973,101.894810491,181.185411271,1066.15453199
0.434058820709,0.418157818171,0.923138823933,0.472202219225,0.649393685026,0.993052418549,0.78222030078,0.825325369511,0.779628098658,0.0365482414701,0.208178969591,0.971092859262,0.947644614077,0.236850060289,67.8232567933,62.144644223,758.212562925,588.910594817,782.817748795
0.32658387382,0.210632991614,0.455404562631,0.336783684477,0.360121036347,0.227052006469,0.532461015393,0.549407010066,0.654327831745,0.68372946362,0.497058093848,0.12624016718,0.528316311585,0.220567273267,657.101348777,384.141068817,661.339132304,346.346729982,600.560991423
0.575886710224,0.738024266686,0.909354021138,0.159464587546,0.128276297656,0.473547074828,0.876109353997,0.834074447009,0.795731094264,0.972131243911,0.533972027793,0.66391652062,0.842639025035,0.479983081008,42.825018734,10.9572129875,308.354081758,713.763312398,990.709623311
0.409829289831,0.750376659247,0.487419129361,0.681233629168,0.756868671249,0.0378022010036,0.535338550299,0.0305099125672,0.796345520874,0.883634289487,0.0340157510759,0.937641076575,0.322148454206,0.398571440366,130.700656814,238.838743633,261.708331134,913.250337821,741.587050955
0.725493166578,0.0322205703717,0.394958442394,0.0905360573623,0.741327076116,0.264346076224,0.55585658013,0.939359214419,0.600716038833,0.701299394502,0.86146183655,0.00132392430608,0.827643077618,0.605949576675,371.700912875,53.2202376254,268.293252631,23.3769957483,1004.38360128
0.676807543208,0.515755579455,0.292108454031,0.330816265657,0.137255599882,0.617971194965,0.724372786254,0.52515210332,0.426459580422,0.25221257623,0.292419020642,0.591328426107,0.40014932299,0.177228734098,231.504782954,132.44169031,131.7579571,312.583272212,775.68026397
0.90663671246,0.296119105751,0.08361489257,0.0206204792909,0.887789966843,0.702285457439,0.427111155198,0.0453215665487,0.712440445432,0.130271020596,0.856062758886,0.53807008314,0.563888453328,0.833065407287,163.344335077,5.29266769239,21.5895130825,82.7332866457,1248.65860609
