$0,$1,$2,$3,$4,$5,$6,$7,$8,$9,$10,$<0,$<1,$<2
0.766480899841,0.201529174335,0.00826650840715,0.720805941494,0.51604681701,0.666709110635,0.78279709771,0.10664407733,0.259953616272,0.217252058447,0.0841495337717,36.1591664461,144.458984471,55.1196658808
0.150834343302,0.0430732036044,0.11968418743,0.57940697097,0.309678048607,0.6242448367,0.439512395977,0.606101442067,0.999759297586,0.0748224623768,0.0543138202805,0.949839022521,23.9708286307,141.025132232
0.0311518198071,0.0231724215662,0.236276150012,0.346371266672,0.977832590603,0.0791093453563,0.413384271152,0.980903891805,0.11344753303,0.0108649708198,0.0205030203077,0.101391879583,5.59645881844,178.183590406
0.191324891625,0.958006983139,0.0125999274102,0.696418965021,0.531951818737,0.583055613513,0.118727971988,0.607677563805,0.00781033248234,0.257618383162,0.11230029525,28.9888757312,1.28690538833,129.530529953
0.323031046948,0.0448945460988,0.276879831489,0.402373186204,0.995909910788,0.0166215370479,0.676875938397,0.397639171729,0.790259077581,0.179413471873,0.26647476826,1.16451522528,34.260400571,75.1736431624
0.0575861036524,0.853695168926,0.0319469122225,0.957604537228,0.177132711897,0.290229635681,0.87913800551,0.176715375357,0.653344905489,0.382933977983,0.0169534109087,12.1173595396,2.14518456241,239.955098797
0.349561690498,0.219313765457,0.010482912402,0.847257730634,0.237529078923,0.280736763379,0.417324651204,0.209442355443,0.709892015163,0.119570684903,0.0215560119446,13.3214199157,47.922321704,114.220382445
0.237255423528,0.023396816957,0.101543420045,0.0986291652801,0.0743896919395,0.483286853142,0.389042123334,0.504047572161,0.0376520600839,0.0109303430516,0.099892282493,0.980559026713,45.5552051148,149.962561607
0.0898897311335,0.738480383014,0.256534576548,0.214302916288,0.373630268842,0.573250561766,0.777652260046,0.0742536904492,0.700495239649,0.804152301187,2.94825720922,10.8748955527,5.17999842058,200.543822656
0.119800641475,0.0508664185884,0.422559549281,0.71026492177,0.210972011831,0.144917063962,0.786961351614,0.0113387538025,0.906548041638,0.322600625754,0.13159697836,0.620674813009,20.0564052893,155.255738642
0.100833849934,0.501362701952,0.495959515355,0.989730956858,0.502185623742,0.108395304488,0.795627186598,0.0925166483819,0.805648230911,1.07190477694,0.0111216450514,1.10067282857,2.17182867775,38.839569067
0.465555558875,0.0731691582635,0.104255992746,0.0784334503726,0.383436334864,0.331973441902,0.694671464114,0.326228323062,0.0877562495647,0.0504558370361,0.592839042846,5.52704471344,78.1594482539,96.8081799842
0.398683150589,0.116041840581,0.945415271692,0.766308819481,0.417085798141,0.800108212442,0.179466632863,0.594858250729,0.847110702244,6.06744896425,1.85031057343,0.457141709165,63.7964914587,108.853043865
0.00522845967536,0.0106263128161,0.727937125704,0.540684827342,0.980391052758,0.0239311332021,0.951964522899,0.717959298984,0.966610280714,0.00722154034194,0.00613474408986,0.00499184476807,1.7083212732,328.517706496
0.336431387759,0.0412563794326,0.135310488843,0.0203611813251,0.370610237214,0.954859857163,0.28332101272,0.632407077433,0.603245428207,0.0105257072557,0.506424026047,3.30352078397,88.7826752221,182.648061814
0.123026760458,0.0464530739591,0.966225847195,0.26037928637,0.571785593554,0.405778845563,0.0825419796444,0.271102387907,0.878666071595,0.303209413267,0.861281885153,0.0407044659042,24.7391747931,184.939590467
0.00246938773233,0.722943059487,0.403102880835,0.844643172541,0.176319284754,0.356347581617,0.191450277154,0.399652859328,0.0217748587133,0.1291010129,0.0237457951925,0.226328869779,0.145313315965,211.87188237
0.675706322829,0.00828047582135,0.570354868658,0.880961946175,0.461889236379,0.423629270761,0.73857385573,0.196275209354,0.355411628508,0.921875877747,0.124566459234,0.788279157452,219.737267123,106.339681189
0.850013307741,0.499644707576,0.38390494725,0.039575503821,0.480391669003,0.568832178558,0.275811569363,0.00681466400258,0.797999376014,1.12604837416,27.3271174846,45.6619661878,74.2205371255,26.1741506404
0.925726851985,0.785006654227,0.277583463805,0.646628447349,0.0986654143617,0.0999032881655,0.107097865224,0.810277907924,0.643328801194,18.3818240978,10.0453571887,73.9823098872,28.0473535196,10.4668461487
0.0735077969995,0.115997377027,0.377278644596,0.444253901083,0.998703230965,0.471132082403,0.450501159414,0.205825574985,0.407742058815,0.270304100322,0.338140979537,1.00427562028,12.2903583303,175.234394789
0.706508040863,0.160791579304,0.876054338951,0.241245928064,0.80352994349,0.191700300477,0.0077403734604,0.213829236705,0.831117858987,3.16165838524,9.94388254807,1.85419426873,78.0783160864,38.6491283434
0.0354199677243,0.739942324766,0.820848162785,0.646668779065,0.286205714224,0.592953429552,0.29068477936,0.0763428167344,0.47917418694,1.78079361541,0.973001948968,0.601021671291,1.17907293845,123.469901625
0.407193646069,0.308117157111,0.0193255243126,0.731854063414,0.291799085967,0.0716448259483,0.690770487782,0.187445426602,0.200000824686,0.200412784311,0.0734297675442,13.8961508426,31.8189853672,66.9523188388
0.988171898326,0.178944463322,0.669216851791,0.509536467092,0.454324168113,0.678851591302,0.853435735135,0.847499063821,0.540014275906,26.4974372026,25.5055869456,25.7042601335,356.546354189,5.19787720824
0.138827190669,0.990318772649,0.856229311415,0.0400455812036,0.0995044853615,0.994894694858,0.892243870346,0.291689130955,0.983558268723,0.385463982042,9.24016687302,1.61625344712,0.109899196894,70.4173817802
0.127226184812,0.0433656237418,0.939983029154,0.0881356564777,0.739214502239,0.378954188291,0.012051486741,0.409840208889,0.723292069268,0.097412235081,1.00784117737,0.0705693185679,25.9383435041,186.003646542
0.513802913396,0.998568098373,0.160057404637,0.490962133194,0.781927370071,0.709746078269,0.795093995522,0.979152261406,0.681419390457,5.32159239789,5.51751725659,56.8810291236,0.0971076254639,64.1735318412
0.0230510741812,0.859632128086,0.0237667531029,0.720894824513,0.238084861106,0.555810177397,0.930361897287,0.414716057206,0.323090715833,0.111713376282,0.0432514985977,6.36527262703,1.06467852075,321.463351448
0.397353815661,0.024457665735,0.374916972359,0.188044963744,0.0234613823061,0.205503068725,0.0869604437734,0.715921299258,0.373515179724,0.116138346029,0.50147110076,1.02971380695,65.7067436303,102.152464145
0.962436556789,0.155996532336,0.172587772946,0.697608127391,0.144466008722,0.343024646119,0.758222242311,0.815547953923,0.765927409052,7.31476747264,3.17072887614,50.2690760627,328.706472021,15.2004802002
0.538963612843,0.0374812087813,0.963486464334,0.0384846325319,0.786217653553,0.847132330536,0.707734778187,0.0957637851349,0.0021807054166,0.118464315494,2.95975958065,0.116656374719,82.0446404048,72.9149792655
0.0579870988072,0.281853696468,0.665006129925,0.704012419441,0.307853776119,0.10288901684,0.992971513131,0.782412446688,0.348501079202,1.27344489724,0.535393785252,0.911194413587,6.9304810897,156.774680112
0.88961341333,0.174427618886,0.261921590692,0.305481908478,0.45195518948,0.525272924339,0.789984337936,0.467738058376,0.362010675524,4.02730990907,9.15615463433,37.1501658709,238.230937145,35.8061795938
0.00533707757542,0.979486328501,0.845360790828,0.637094757417,0.237321510581,0.664833075312,0.930319040224,0.570394958817,0.195188558425,0.892958496451,0.508651681714,0.256392172278,0.0347240329669,315.470807309
0.948608302823,0.205365324739,0.462048709064,0.0745845796922,0.535640967156,0.970474479192,0.800662050266,0.594027472992,0.265746795327,1.64709296317,20.4364659972,25.7113131541,184.936102188,12.6084071998
0.875837618125,0.160103802902,0.780495357322,0.444067322866,0.374783023072,0.617283611879,0.444324913845,0.884282323999,0.180438684287,11.8857523996,14.8799017875,7.52750839998,179.900141791,30.3649332969
0.247591422635,0.0384493409075,0.0385061929597,0.387755097462,0.96323014338,0.125731829407,0.780799573611,0.198917634704,0.932423212771,0.0393487027413,0.0621295318424,2.53389615026,65.9060966167,208.291507589
0.11357496499,0.0236144028207,0.277214422475,0.897728343672,0.454339321977,0.806239632999,0.981350768902,0.0430799835469,0.0812156315272,0.19684500427,0.0224251186547,0.571706482718,32.7045393152,261.424371784
0.0444681134184,0.221752070257,0.649406696173,0.411836834878,0.995020584981,0.14140962078,0.466332855373,0.101379776626,0.510318876913,0.550519304249,0.786221991396,0.72166263447,7.2240524985,199.461646144
0.291693496697,0.0285698746918,0.927052070101,0.836833388037,0.872444225156,0.29443100667,0.148394399528,0.726529922905,0.0197318190556,1.8047326972,0.351888588471,0.169700347413,79.0993639249,197.722415034
0.236914910553,0.0768748792722,0.532147674559,0.579178511631,0.237380305539,0.808763862615,0.977819361109,0.399594465382,0.798579329734,0.892385415957,0.648392423752,1.35461739242,34.768341733,121.312061043
0.236839135432,0.467052917052,0.749345301634,0.487462424276,0.606499912086,0.488682734233,0.101041445359,0.454309564203,0.59817341984,5.02896385944,5.2876546305,3.45089091786,15.7098986227,94.9843198709
0.859960107784,0.0723502517349,0.204506019849,0.983599010454,0.182453511028,0.848560956305,0.994728306111,0.135212969834,0.0211485167816,3.62773195155,0.0604904978357,14.346564263,231.235758724,40.5923716688
0.187265477249,0.69705133001,0.569022423044,0.761470329609,0.209860890958,0.490458678241,0.0697600312181,0.109278820842,0.983535919677,8.49418438215,2.66079310267,8.44877982433,8.52007872007,122.057801517
0.120437730302,0.398234597293,0.283589665617,0.868274550762,0.0961913528079,0.875277265529,0.497007244869,0.536016866378,0.712541039505,1.96165926798,0.297602236643,5.70739517769,12.0382769334,146.096947958
0.616775074809,0.319673639073,0.44423472851,0.29686268109,0.999223389945,0.799041056274,0.878414121539,0.702880453453,0.18022265325,2.75544861742,6.52644766979,11.612229479,44.4666772916,40.6110588532
0.545039238476,0.93733569346,0.0725781118824,0.201037950683,0.0478557043989,0.521933151589,0.159779139589,0.395283156616,0.00118464952938,1.95799806102,7.7814469262,124.453147443,8.97126377043,119.503207186
0.380319783655,0.529549879496,0.756436069617,0.283327782549,0.0179914103912,0.700242294084,0.682541925354,0.593686801902,0.581695544954,4.57095159311,11.5621347989,5.19467287278,18.9475010847,65.6231495687
0.479668214716,0.0802133823817,0.560717091382,0.938320899584,0.513148234095,0.565893024105,0.459598037447,0.378209568646,0.476356549345,5.4995919274,0.361507329622,4.59176431198,119.860349247,141.360433296
0.39571921614,0.715483546347,0.441758602447,0.983953222196,0.0878345896173,0.43648525609,0.286185378595,0.63474205974,0.714628795186,28.0251348296,0.457047247158,35.992356549,25.6386987155,137.606907817
0.177137297972,0.196222662625,0.384587258547,0.391418839294,0.00103198462693,0.287121727906,0.357928045897,0.474359610923,0.718450585653,1.09972079989,1.70985474806,4.49585510662,29.9248798347,172.947392996
0.0159272461281,0.962873231492,0.59600795174,0.0663514621865,0.630085101063,0.918248590415,0.301820419439,0.939204538038,0.0571089925627,0.188605926155,2.65392263223,1.92675102939,0.183895380424,306.034357236
0.181265337575,0.956473811939,0.0257553813379,0.891962822567,0.428304147213,0.9719234749,0.929271954233,0.335906512744,0.39724371239,1.14925048407,0.13920062061,48.7380302653,2.27655165145,236.241008113
0.0463458860695,0.624593284909,0.741045188292,0.271074570658,0.696464715921,0.389474999633,0.178549467652,0.66726982646,0.641049266479,1.31970008129,3.54870228521,1.70124067743,3.9486305313,216.433338903
0.0447650826675,0.486932031601,0.760657417246,0.192313749306,0.682576094791,0.982155025688,0.0866219236773,0.0400682544073,0.119444860438,0.751362322201,3.15559869807,1.22933415242,5.41198433935,225.088044236
0.059001879157,0.119735193936,0.463024205267,0.573863703037,0.143468665253,0.669233447929,0.615427296648,0.859143694323,0.321274294827,0.624441489138,0.46369404868,1.26192634975,17.2770987685,313.025984235
0.12082399115,0.207689869122,0.703838865615,0.291205248613,0.0419224914147,0.370436121201,0.8911694112,0.710589234429,0.494556881761,1.03175172862,2.511287875,1.49083928075,19.2036003227,176.364065042
0.123924797282,0.900667229186,0.931162299344,0.762057274198,0.489145875529,0.000333565268165,0.838367934042,0.036951796507,0.161929048375,24.1004487871,7.5250596925,2.33796759957,3.74576322541,266.582073908
0.0904152809389,0.211581308335,0.876469900247,0.500387331488,0.828635241807,0.293421482616,0.262318742292,0.64577563081,0.991726108663,2.35048855125,2.34684969722,0.662045168059,19.9707530625,254.823132039
0.0553102689878,0.578700311669,0.72906775254,0.602064658023,0.841308430124,0.497051932064,0.950240585124,0.723053795176,0.59938228421,3.61021542233,2.38617611838,2.22834685956,5.98769286066,242.745842872
0.355938338627,0.239713590215,0.951972511903,0.246316871568,0.898635544774,0.404548178532,0.322246685484,0.748940570384,0.636556226562,4.82580643979,14.7660567122,0.988419269007,65.2733498346,155.35003405
0.109559698958,0.870455300563,0.723909397803,0.836715015939,0.150756063031,0.586356207846,0.0926183272983,0.269183817681,0.0849021620919,13.735003835,2.68038679783,6.26063855348,3.37473892509,211.726154965
0.496039859348,0.250202724605,0.186792721361,0.554076206206,0.682621828567,0.181413654703,0.582220725385,0.584127075787,0.0875158484293,1.79010829273,1.44068969621,14.0653684002,51.8324428874,70.2323875745
0.734636348321,0.29160138463,0.0321862488108,0.283551446362,0.681469357077,0.0997765051009,0.333328742524,0.336182554309,0.359032725816,0.573963183306,1.45023098206,60.8658362094,152.781203336,77.9042668802
0.545420028267,0.237535927555,0.0118329777796,0.774152004383,0.460425071235,0.0226400195526,0.541919397534,0.195373151956,0.126298815098,0.362942153227,0.105883285669,39.1514161967,127.176596398,139.016717372
0.478699653812,0.935368632616,0.974764049072,0.628624135015,0.976610030096,0.503255833948,0.19292080842,0.641447092335,0.823780184533,58.3852107593,34.4925639031,2.40453981239,6.58374255591,110.93137497
0.325344769299,0.92346176314,0.581390572282,0.509457318702,0.173541855466,0.542618042143,0.526625192988,0.475291328837,0.405745510422,23.4154503876,22.5461042471,33.0929688232,6.55218665546,177.519420046
0.128285989361,0.0625290588964,0.852710549048,0.187243393046,0.114432131695,0.745445134469,0.881680533759,0.745755800142,0.704741340723,0.346518780606,1.50411410405,0.319661462849,32.5382777278,235.847645702
0.0307539383131,0.644039047254,0.0785495041062,0.581496818046,0.748012905291,0.544560107009,0.438446458953,0.340373275035,0.271034051797,0.402890983543,0.289960586818,8.12772060568,4.87513806645,431.636204749
0.683421471892,0.263111482863,0.0825099946968,0.878940502211,0.255254255099,0.274324561908,0.679472479828,0.964002617308,0.0660013814625,4.85161549411,0.668229685291,61.3792644337,187.36234977,117.780493995
0.337469091675,0.0800108249441,0.880603545952,0.0307226140516,0.349752143174,0.176994453527,0.307240670353,0.629713896111,0.221396603871,0.194039833017,6.12182354668,0.856335061622,82.4681526778,175.985015264
0.629641555213,0.123796737863,0.537544516747,0.586307915737,0.0227671887785,0.567121079363,0.998792943086,0.376409888281,0.861166756288,6.94027979916,4.89698115686,10.1837263059,155.859202815,104.630055005
0.668271220944,0.126180835633,0.640423424387,0.183663656137,0.169747733674,0.0197556604536,0.798017147893,0.176370909988,0.630580158173,2.39326556591,10.6374320487,7.31630581841,140.905720334,80.045597503
0.0649017501634,0.441182156887,0.552714951051,0.776058997205,0.0735766980753,0.909485023623,0.486443173837,0.239371167543,0.400491592004,2.34970281645,0.678034539747,2.45019905649,6.93855942055,178.895692235
0.0354735720034,0.866259173515,0.907038699005,0.173444788072,0.166214317436,0.529718788169,0.677398222797,0.141534050236,0.563829549782,1.80328403258,8.593592418,1.065563313,1.76967380477,359.781169872
0.110392008171,0.939803349125,0.437022650547,0.948680409118,0.142918598589,0.732963594186,0.171274809712,0.446969455649,0.620816169249,16.4602287311,0.890428637699,22.3513062413,2.54300566678,340.436440154
0.457549467025,0.0257659073132,0.330214326475,0.761414076055,0.259921611206,0.159139556763,0.594398845623,0.44508263446,0.448505347943,1.16482745633,0.364993823526,3.10299188785,175.171185636,213.167716304
0.716032102273,0.298101518123,0.69318521298,0.397981881943,0.92377659982,0.798954595629,0.504010070963,0.236532906424,0.0751201946503,12.1927443261,18.4436863239,13.5601708878,104.063634827,58.7978492912
0.0443533340905,0.556258025681,0.762205630729,0.552232867764,0.729686949073,0.121998122997,0.689359861337,0.0523819684279,0.948599028045,3.60667176708,2.92439868818,2.03757584169,6.83543939954,331.899809543
0.389919742277,0.972728943436,0.290782013843,0.965343696155,0.670838627108,0.25107016989,0.456661969216,0.0383923613338,0.882232548346,42.261076899,1.51719302427,106.775298864,4.22086226386,242.1647702
0.72032144718,0.137984774282,0.413873377137,0.810632726037,0.317662321363,0.143197381241,0.650933304733,0.826148850758,0.953635417081,13.3637095343,3.12181973816,23.3467725453,248.83941595,112.082305173
0.676791600452,0.635859041999,0.960797849836,0.417593569752,0.411259783829,0.243425105489,0.133895667675,0.25349336399,0.560287286493,66.8431377283,93.2243119885,6.53101815459,95.4068774448,125.123196381
0.138121453455,0.135713279223,0.555304059507,0.15061379379,0.467935988366,0.702687684456,0.0533206332142,0.244535671309,0.791968974432,0.461733461141,2.60394498386,2.45504194685,35.158573657,253.83899425
0.220506015789,0.131936028455,0.955436144012,0.828548564265,0.427179290366,0.260098286054,0.137549195004,0.137175819918,0.967274166522,9.63195704668,1.99313949214,0.542222660561,80.0540349058,326.004669231
0.646368081225,0.623791307961,0.875246466042,0.516980041809,0.331114000655,0.274900025706,0.932685956639,0.304163700735,0.277632023083,46.3313465963,43.2878704903,12.773903667,61.7533164392,89.8055167492
0.555927910926,0.889335312622,0.945127163315,0.504241096611,0.694375850534,0.0254635522104,0.149481424546,0.14138959808,0.398125116864,64.6696369539,63.5817836236,7.44610834302,16.885559814,121.882513254
0.376356863182,0.902388605746,0.293022193241,0.629176709082,0.718909492581,0.665475743235,0.425048686227,0.935427315893,0.482057630363,17.7010171077,10.432600765,67.8782833472,10.3856093521,176.306276659
0.496430123599,0.472900476386,0.57042824464,0.890918485461,0.415463375236,0.919010510852,0.996506253454,0.566333712118,0.878186690684,23.8511806558,2.92027043095,20.1607465004,52.3110891733,100.670622655
0.533625641574,0.250087358716,0.0963648467619,0.293144567129,0.93527281724,0.787731431246,0.73248235473,0.0256290924706,0.519892818515,1.05992021261,2.55577092228,33.9051606735,112.51012937,131.123014225
0.352100734884,0.372456471986,0.98290977308,0.368463820488,0.0382820021651,0.348551004416,0.251406255317,0.326384137273,0.398570862104,17.0322477357,29.1927729817,0.803732056673,79.2376872298,232.342411084
0.560394403614,0.385820782604,0.335458620495,0.105272957497,0.262549451765,0.314123039179,0.736338236588,0.595183494842,0.9566461366,2.31392585738,19.6663235096,43.5427332725,104.304526903,133.222464632
