$0,$1,$2,$3,$4,$5,$6,$7,$8,$9,$10,$11,$12,$13,$14,$15,$<0,$<1,$<2
0.439321120788,0.980697412463,0.182599970292,0.00536964174732,0.860455348122,0.646811610454,0.00651397313885,0.682385847925,0.28433520579,0.776921567279,0.804908946644,0.0144440841825,0.748904276513,0.0886686998025,2.05875493508,3.19341722491e-227,4.56872254369e-74,0.468334413871,6.29345157891e-36
0.706902141268,0.123684241041,0.494611392049,0.171589344447,0.158336883968,0.97373208156,0.428915501851,0.291466178007,0.950819513961,0.141075619709,0.78463198792,0.252487844627,0.845808522166,0.851110238908,2.10689964516,9.30668961404e-77,8.83436263109e-31,5.63898025091e-91,2.8555741701e-15
0.556895063335,0.256426100522,0.0250969800231,0.359661301891,0.667701255945,0.894071074127,0.584723255174,0.783989097716,0.826793080044,0.343155025405,0.924395894192,0.185711834852,0.319078763254,0.98082739714,1.94545402902,1.18716763792e-44,2.80083385812e-160,2.40637694693e-59,1.154722571e-25
0.0510888164993,0.439522806486,0.201715928635,0.453573994745,0.660155447592,0.812277717227,0.523462585213,0.99348547219,0.724971341079,0.00658000108919,0.653370565629,0.268791607503,0.233649059946,0.54285004446,1.81107974461,1.31483762165e-34,8.47377333567e-70,5.65195856198e-36,1.93482487882e-129
0.116722483328,0.364481914814,0.827700615009,0.799068345753,0.154917848157,0.835134799824,0.529717853895,0.40733521471,0.651806203704,0.329494539362,0.639333888701,0.7796148037,0.621203353824,0.927967109269,1.58842864502,4.52355918063e-10,1.52902778303e-08,3.67016834776e-44,1.29580445438e-93
0.283481412268,0.548179777713,0.027116649817,0.823787596823,0.871908023775,0.893866694189,0.095270466292,0.986434337905,0.51250368131,0.412977626081,0.513683233471,0.783045823131,0.825778809844,0.34813695853,1.91109653227,1.14532141857e-08,6.32420254695e-157,2.34262915625e-26,5.36860276726e-55
0.844004319042,0.0502405163764,0.433165239599,0.553215817855,0.159328353143,0.735238970692,0.394854008357,0.334201025175,0.523895957261,0.75354300639,0.413281215158,0.686706598736,0.551216517861,0.543541791457,1.32169311774,4.0430529215e-26,9.60749879734e-37,2.64642720533e-130,8.94782354863e-08
0.411196320882,0.229396117122,0.106331482225,0.182300813957,0.800321307754,0.32922714958,0.345242744666,0.0555875565326,0.984108910213,0.687747024403,0.808628128446,0.74386872308,0.310546182187,0.766598126197,1.87210945018,3.52624015907e-74,1.36344585622e-97,3.36556022073e-64,7.47090363313e-39
0.247207158509,0.0648355278647,0.247785128718,0.324080194984,0.646719383574,0.320872929855,0.678097522397,0.0991124269173,0.757971032404,0.0731284390039,0.81535172196,0.173226365976,0.437393430557,0.715382305552,1.75134787818,3.19699122775e-49,7.03098354066e-61,4.17635494751e-119,5.56668397863e-61
0.279284798463,0.657434739914,0.68498783873,0.485433311124,0.431636305581,0.967044063835,0.510805815428,0.555826465021,0.415434551834,0.404074639364,0.68879081774,0.116993625902,0.601859949896,0.435548448626,1.43925540929,9.27289281334e-32,8.366500808e-17,1.37886791102e-18,9.09887097854e-56
0.414316011597,0.393246654854,0.518414732858,0.500281868051,0.396642972806,0.571256008916,0.438005434354,0.44634206994,0.290473490742,0.848205091813,0.648549942617,0.893483997007,0.658180511456,0.371727495675,1.40600238847,1.84324140981e-30,6.48394710445e-29,6.46561193423e-41,1.19475172422e-38
0.552752975545,0.0894471003545,0.129773037936,0.437780095144,0.318272063093,0.811289120787,0.313478029283,0.609303185726,0.658860569793,0.0200827285957,0.136261462813,0.284704583986,0.94603741777,0.335453488649,1.83690363181,3.85307427236e-36,6.00694134879e-89,4.13840406241e-105,5.16791262358e-26
0.482201822688,0.459116649141,0.0656334313326,0.667727335687,0.711268627442,0.880808934759,0.213328721536,0.149449812893,0.40686620078,0.649081874395,0.568821314904,0.276628600598,0.913224985269,0.714863623619,1.6971674638,7.68705814598e-18,1.37516738033e-118,4.15096221347e-34,5.60698428684e-32
0.184154484331,0.10796870076,0.139889173677,0.682344321368,0.536733828215,0.354323752264,0.586005199203,0.838496128698,0.911316073972,0.392358809342,0.0277319984673,0.604228106178,0.714666631278,0.112463598329,1.75548179395,6.9322523979e-17,1.04454387778e-85,5.89255628416e-97,9.09381439004e-74
0.557771238071,0.164216262274,0.242159212048,0.072394679289,0.0698813502758,0.688311355576,0.437761975614,0.481233056079,0.489393612014,0.564824596383,0.7039855737,0.639752245649,0.895183608242,0.481086385964,1.44667232657,2.12400190649e-114,5.84237639173e-62,7.90872262085e-79,1.00485090214e-25
0.0131657716221,0.500440951803,0.323461149671,0.505335757119,0.116618875858,0.596115189783,0.673837754452,0.701748620552,0.473477179634,0.974670248485,0.766097418329,0.300786029867,0.598481190658,0.89773320973,1.73154088459,6.20234028996e-30,2.61074953495e-49,2.3433478961e-30,2.39433198856e-188
0.19151897895,0.596539789939,0.980518844583,0.103956829702,0.30843558089,0.476672908497,0.82260334824,0.423240278483,0.148265828589,0.920495366369,0.844181213712,0.452141943382,0.447633541663,0.256434102615,1.5913839189,1.21114881355e-98,0.355265321106,9.38420669659e-23,4.26223744692e-72
0.00763028989663,0.38163265078,0.801727704588,0.907804137138,0.263513123035,0.857620061466,0.984225643665,0.146362962899,0.853214832055,0.44201693555,0.941479325387,0.348775674812,0.42438073782,0.151564662695,2.01637277118,0.000199483263639,8.00534110169e-10,4.62639909676e-42,5.68583875858e-212
0.939005397443,0.911451933389,0.101909978762,0.84263569267,0.408163257806,0.929195638877,0.845753298526,0.707968074023,0.397217071396,0.923634238256,0.513701995254,0.439474433015,0.496341348678,0.359121063828,1.56917396278,9.03183695044e-08,1.63479039955e-99,0.000231829140009,0.00455618192867
0.127583261093,0.134704325592,0.46780929615,0.362025729541,0.641195489612,0.609041143565,0.399078335477,0.00631321213236,0.895443435993,0.10965048698,0.540248984252,0.281965711539,0.200745618509,0.245682846313,1.79787554873,2.11262902218e-44,2.86922280763e-33,2.44925325244e-87,1.072134762e-89
0.0802131189425,0.572701407443,0.0507168611744,0.872842637518,0.468273754996,0.302217691692,0.123720784382,0.549585789792,0.637861551546,0.275891337368,0.267509244095,0.423387029321,0.740833923716,0.382668670081,1.38508881347,2.69893729822e-06,7.12581028754e-130,1.35027597457e-24,5.78279559336e-110
0.474318113187,0.227138346038,0.123025121021,0.695232397299,0.457865799086,0.269440763359,0.852556870212,0.707368195086,0.837699262248,0.671158827181,0.561617983256,0.962640165279,0.738516798378,0.113416262061,1.78973685134,4.59102045613e-16,2.80730209715e-91,1.19661643004e-64,1.13731307351e-32
0.419146294502,0.173986379721,0.164468067412,0.626044751316,0.39132744974,0.744986382966,0.518794565302,0.0394444535125,0.758484526015,0.708445775106,0.317621899116,0.719413513823,0.713643731642,0.265300453012,1.57668817261,1.13345313855e-20,1.00467272637e-78,2.78862961296e-76,4.27000905832e-38
0.961892888125,0.0525904276697,0.246505949796,0.989411043577,0.170649427548,0.855477081525,0.286540990757,0.328037506742,0.963664156366,0.978591109127,0.592309247127,0.907153983468,0.0954014807991,0.501730813971,1.79151662903,1.07814305531,5.0026117928e-61,4.04693703531e-128,0.0674960486234
0.308362781713,0.385609761688,0.87171050639,0.0520135858729,0.623035670418,0.602892370942,0.66740888109,0.6574561801,0.447376514525,0.97452632481,0.156349004369,0.823323351181,0.962752654121,0.382293577587,1.75711607946,1.12875551149e-128,3.00710345851e-06,1.13690003779e-41,2.22390281659e-51
0.571867167726,0.229956037233,0.0569256222336,0.614769264726,0.890519318185,0.896898989014,0.196699073358,0.0960147906708,0.508850132747,0.0870333468108,0.585812336998,0.589540028931,0.591257489724,0.591404420321,1.76791329976,2.06440798358e-21,9.42669559286e-125,4.0556683772e-64,1.48969437129e-24
0.70863319625,0.280109098428,0.239630525016,0.476030758064,0.675513329961,0.620238036738,0.761047099631,0.140290529534,0.605354774958,0.537473037145,0.012070195273,0.338937149005,0.0766556406703,0.429322830167,1.70353490818,1.55228839398e-32,2.40815724236e-62,1.44608054485e-55,2.94862969149e-15
0.381437651609,0.277044862462,0.619379890226,0.0782093890022,0.908561532453,0.189795411441,0.864684987658,0.866365008557,0.142626182806,0.163739664216,0.494176986714,0.00771599405187,0.159662676949,0.617165143225,2.14308954516,7.12934283434e-111,5.28287421164e-21,6.05578284294e-56,4.67214364325e-42
0.0859734362729,0.282169329618,0.476916915268,0.926576074018,0.687869467836,0.656339138892,0.9449757807,0.964113389596,0.441450967744,0.345895782419,0.205740432299,0.246215389926,0.0398885911017,0.317597471639,1.89628560228,0.00145255263541,2.08111642342e-32,3.34968824058e-55,8.13677472982e-107
0.104716090669,0.945296280884,0.912685251015,0.845480940887,0.264285234136,0.963903773701,0.726355165986,0.843741334051,0.353620029243,0.681611508775,0.519974113449,0.585119882199,0.27075780381,0.816052003992,1.65463143767,1.33414597995e-07,0.000279849407638,0.00936743564452,2.60717487258e-98
0.378392656407,0.506153101023,0.374811000017,0.0170776921434,0.343300111515,0.693252834834,0.191161435683,0.632106411081,0.743130822332,0.79720004744,0.433150644202,0.947011807807,0.629137067954,0.638429234014,1.56230276869,4.29341741365e-177,5.90361319233e-43,6.57771838293e-30,1.52811138276e-42
0.0609263917415,0.998091082817,0.891808610292,0.0825325392602,0.444863373498,0.349482398626,0.592833408489,0.24099635611,0.913977193587,0.958864372049,0.570944461997,0.435490473176,0.88046265584,0.665146999131,0.449129579507,3.24348766862e-109,7.51030620992e-06,1.60281305867,7.90610554099e-122
0.147479838238,0.633079838564,0.684815222349,0.444097873425,0.867307247692,0.604777616999,0.807493213305,0.0663921714038,0.216025083043,0.618242434607,0.434592142322,0.351025404226,0.626045401968,0.333210890248,1.5932614838,1.40047799453e-35,9.03124199316e-17,3.50150885259e-20,1.86927067433e-83
0.558019586303,0.980612807888,0.0503415369342,0.687768088876,0.708117571703,0.553138397608,0.302609166441,0.449089665921,0.275232943869,0.939043762423,0.174484947895,0.731301769391,0.935369831591,0.920025544401,1.81094188032,1.57843441541e-16,4.43273162417e-130,0.40830273469,1.34814236956e-25
0.130641134857,0.700591034372,0.181865402536,0.151701910473,0.864239148515,0.461712939108,0.176259268483,0.194264233078,0.764912529593,0.906064960449,0.94066741155,0.453133964043,0.780166044818,0.85776527891,1.97035907759,3.88839406208e-82,2.92195871689e-74,1.08923799222e-15,1.25504614687e-88
0.270057155014,0.416888562117,0.45589024436,0.202054233847,0.874815965784,0.0670539695682,0.709425997558,0.198294034704,0.601569335896,0.544561931893,0.393452132832,0.303325880724,0.652832979578,0.419792745093,1.55494138777,8.60259364575e-70,1.87872744385e-34,2.4537588873e-38,3.41509442676e-57
0.252036234112,0.718158987401,0.603189509057,0.774573539951,0.893794388907,0.742160741906,0.584829775313,0.405653107233,0.484250393285,0.90155013238,0.857520043354,0.408468137203,0.752109253599,0.385074214414,1.60426950679,2.03078015859e-11,2.79753258636e-22,1.05549744925e-14,3.52935536149e-60
0.46652935254,0.182059260785,0.309931712938,0.0814958936201,0.520865471456,0.116565731052,0.402042877052,0.45913071727,0.630066922009,0.374055814333,0.641838491095,0.643626855466,0.939744999392,0.388397883172,1.43807997295,2.93410424767e-109,3.02346238085e-51,2.37235904817e-74,1.74501936954e-33
0.366278134861,0.882094307632,0.342232034272,0.316527397281,0.62970343256,0.117724148063,0.547359072706,0.977183429386,0.468596124772,0.694743297876,0.514022506636,0.611188437044,0.107577002071,0.391490324629,1.61014552804,2.78045375184e-50,6.8399178562e-47,9.00506713954e-06,6.08253211294e-44
0.730695550507,0.65667883155,0.34523225543,0.0379599676105,0.426209975289,0.326335531778,0.0896937293401,0.645871201859,0.0565669540133,0.803874404869,0.0919487659282,0.524404350166,0.108391712968,0.0477011431922,2.03923916703,2.7426561317e-142,2.07359814657e-46,1.74136462216e-18,7.57241343326e-14
0.0418508893125,0.140671675587,0.695984983111,0.0587918922139,0.65847753128,0.404900113853,0.801851457204,0.0269221882695,0.666513316127,0.718744012954,0.109570409972,0.242569782264,0.330825187634,0.150331656674,1.79424531132,2.40849369037e-123,5.12847939138e-16,1.8649523869e-85,4.17321534809e-138
0.161943886431,0.877805037434,0.0839148938063,0.316788643625,0.491587603889,0.230815903531,0.859614766134,0.804406547483,0.154019060558,0.0282944283334,0.385317584468,0.886932525216,0.54091854797,0.237699611105,1.87007058624,3.50702061376e-50,7.11021622005e-108,6.42369267891e-06,2.53766114497e-79
0.442638892336,0.447510917543,0.431863437358,0.847788326589,0.341590392866,0.428305163332,0.0468783603546,0.187167465981,0.572363316054,0.755348536736,0.431286726456,0.280895837358,0.468383643439,0.427686861567,1.46281342466,1.54900225746e-07,7.86959765035e-37,2.7648546413e-35,9.25264408568e-36
0.520789452045,0.108026344775,0.39368109395,0.299151288475,0.380415041375,0.625557502141,0.513916914484,0.408584556073,0.476851631734,0.535959403467,0.645656552044,0.271660000432,0.80167712761,0.40584118634,1.21367459629,7.40133244819e-53,6.2327258131e-41,4.29724658931e-97,8.83975224754e-29
0.484462950907,0.0583765403778,0.613232661469,0.453863605032,0.954337990976,0.357459037144,0.00549351283841,0.615222992471,0.476983111844,0.777561096281,0.00914141397464,0.240760594685,0.820749441707,0.171751119691,2.08089863181,1.6102994406e-34,1.89190176915e-21,1.37469433859e-123,1.09755885823e-31
0.400158143978,0.994005703345,0.252912137669,0.111818424193,0.841105073154,0.569697258148,0.0604178187712,0.777804145016,0.933043370536,0.0873700809763,0.797254129526,0.437650903688,0.46122057357,0.457699587517,1.20230274983,1.34112877958e-95,3.74197560991e-60,1.39939398253,4.84473645726e-40
0.352695612022,0.060679767421,0.951888998423,0.814761819106,0.211642687179,0.255463293256,0.00536141590317,0.366653946592,0.796359642736,0.311345232062,0.696703524243,0.676866666502,0.0525314322883,0.665221376221,1.82619911407,3.63692981159e-09,0.0207165473454,5.78211464848e-122,1.57652767995e-45
0.427758096942,0.12773039182,0.0948546742714,0.0452608694158,0.90027794116,0.635634621936,0.475212227405,0.968295689926,0.771805354076,0.397884317795,0.802568054617,0.47406860552,0.705325172698,0.917836136573,1.79180555924,1.05123536482e-134,1.42983017684e-102,1.1990442112e-89,3.70881057506e-37
0.412157836622,0.0452990142704,0.784808135386,0.314508251333,0.18605726462,0.9907065813,0.367977476391,0.484971663109,0.618212091603,0.441817842825,0.25489786828,0.806587861151,0.79226483266,0.0175529828557,1.84661307803,1.68151279973e-50,8.68651185679e-11,1.17861224466e-134,9.30790542437e-39
0.290066841354,0.490565953738,0.100895825135,0.19780590105,0.172405801944,0.867727024196,0.628849940518,0.197196375367,0.483622316412,0.719377989988,0.0420458070112,0.110291839395,0.86858508644,0.0321630409754,2.11554927569,1.39787191072e-70,8.10704643756e-100,3.90196548228e-31,5.90679094921e-54
0.609438296043,0.149338559316,0.0640847365114,0.242493966462,0.731459418247,0.794825179158,0.980424269936,0.247779020596,0.557009659952,0.673177345213,0.654208062285,0.216791464598,0.891135884869,0.56873430957,1.72985763112,8.02091603011e-62,1.2870355451e-119,7.10110561236e-83,8.45481957491e-22
0.231552403744,0.752564544815,0.603470577516,0.147503346626,0.270146277039,0.794453817949,0.317608049977,0.0489325121085,0.0778989221549,0.8477937123,0.564026879221,0.48588714737,0.977618789009,0.708122808494,1.95112769807,2.32591029916e-83,3.56463973244e-22,1.38286870554e-12,8.93994706682e-64
0.873908637505,0.319604183164,0.044835653126,0.852488041026,0.776232647039,0.936457374195,0.401763862044,0.784977434452,0.853344095201,0.927788214156,0.576355209968,0.271060701042,0.835112605913,0.975835708129,2.06248019797,3.79611353707e-07,4.70825222527e-135,9.37033596003e-50,4.54059584883e-06
0.833776867035,0.0997970679069,0.208559038661,0.819933720506,0.195174198953,0.187109202966,0.908248577262,0.0411779121313,0.54679705481,0.397783459746,0.963958748905,0.567353851409,0.0744418626958,0.525875292962,1.98220573544,7.4326444492e-09,2.60717532254e-68,2.54124637243e-100,3.96508735962e-08
0.184370305666,0.7635473045,0.553551594506,0.765470644132,0.0879857433065,0.210789866168,0.881520327319,0.586453624343,0.905332702463,0.0311590160407,0.741013181609,0.463836161028,0.8384173654,0.479761158184,1.96486780736,7.6261830669e-12,6.38651333467e-26,5.92990925195e-12,1.14432868371e-73
0.596479043071,0.974282266787,0.676446621235,0.0632118665544,0.471827734148,0.861336889206,0.796672367499,0.691046713619,0.576374402428,0.970774285031,0.741312002128,0.474344714907,0.333067626378,0.213434932538,1.64109763442,3.09824499351e-120,2.72024163864e-17,0.191288763576,9.41247167056e-23
0.29018078855,0.653168908525,0.574527489023,0.939237196496,0.522651051502,0.940387858194,0.207029961134,0.797255035533,0.657363673833,0.679330011015,0.0461311478442,0.622168379314,0.129935372609,0.692901723083,1.82064200245,0.00541843755302,2.44021251014e-24,9.09696931516e-19,5.28703289106e-54
0.451677761317,0.98633413283,0.461579348558,0.814136356438,0.187184111555,0.948083394044,0.182921205201,0.376958360237,0.303964347678,0.504740255791,0.369415235138,0.638725196453,0.984576327918,0.604195282048,1.59997457222,2.9508550721e-09,6.68143805688e-34,0.670353152723,8.28367152369e-35
0.763514712398,0.238277492668,0.991267909122,0.165026522132,0.505372650861,0.138812691182,0.509895435805,0.214623713332,0.0680456841392,0.119249183821,0.306662559577,0.0952438402932,0.617912452114,0.74022405095,1.44218233696,1.28977741434e-78,1.10426693065,1.45758074532e-62,5.45847690225e-12
0.980416168022,0.462519602779,0.348190657205,0.637482899665,0.677810241662,0.736652926719,0.761566880004,0.548303287625,0.155843166213,0.353034717559,0.526125097991,0.263978179666,0.0697118397201,0.358784284163,1.52319108053,6.69465507512e-20,3.6356799226e-46,7.79630218392e-34,0.336384655509
0.529874839001,0.452410586271,0.57009124176,0.513313625153,0.353207292086,0.395665447145,0.534953752658,0.724697852605,0.723306748722,0.375610703751,0.699286461959,0.357302154556,0.128026792745,0.530400317647,1.3488493041,2.31399555972e-29,8.3276068477e-25,7.57459091157e-35,5.53876668251e-28
0.310722401891,0.644326375448,0.657229997982,0.33493054246,0.0320068950174,0.354238991562,0.839076458638,0.0590907567391,0.388888530269,0.946439527373,0.0396863432227,0.995448339711,0.82926369668,0.918883633212,2.50252743386,1.23019514503e-47,2.32400200384e-18,3.19955570775e-19,6.78820983804e-51
0.948893309923,0.936093279009,0.313593069885,0.904702490359,0.823252966827,0.902383361278,0.693447913238,0.185888715545,0.284493974921,0.583913072593,0.153340089117,0.339411228442,0.670376178955,0.376770340735,1.64609241741,0.000115651873219,1.12000446477e-50,0.00350338170364,0.0136245906529
0.94952201532,0.141392480573,0.497730104441,0.413803994673,0.072927275128,0.146303665461,0.117397820042,0.0371529545082,0.387787854127,0.465286477577,0.412693951391,0.116340003815,0.360952526058,0.186374789561,1.95433650656,1.46753039346e-38,1.53642066197e-30,3.38649623715e-85,0.017283607854
0.614149773796,0.215995028684,0.973015685216,0.356005608461,0.465519834822,0.215679026729,0.542874928742,0.861873708564,0.545348602761,0.808437550546,0.767972081691,0.41775199955,0.652954300637,0.291545794018,1.44987259291,3.18517795597e-45,0.148231392261,6.36917572303e-67,1.53864097549e-21
0.324824600339,0.521474406009,0.128393911113,0.345075334777,0.657382223341,0.863298522106,0.00506111851669,0.306415163254,0.0722612688913,0.370780464847,0.0662261214635,0.0150835264682,0.344823696555,0.786155287649,2.16812097397,2.10666357781e-46,2.435825844e-89,1.80095639085e-28,4.97845590411e-49
0.712721130832,0.147719173689,0.945965482088,0.640099285657,0.424811360084,0.656476667683,0.83394027571,0.399518206761,0.274724858052,0.167874920049,0.698759678774,0.1618533672,0.114969959825,0.578371007667,1.6210157109,1.073102864e-19,0.00985011705992,2.23667087175e-83,4.98745073176e-15
0.571826863586,0.506811399062,0.969593760617,0.09117483159,0.710959514336,0.974953281966,0.309874928041,0.395066262543,0.285978891803,0.958636033178,0.227711700927,0.491235380081,0.192309934235,0.0591255239407,1.93169006138,2.94818207975e-104,0.138606058592,9.28559835933e-30,1.62042099399e-24
0.919962847065,0.354799230812,0.494966715614,0.814763209043,0.586173996146,0.732756221556,0.316173990974,0.850171914462,0.248160081913,0.818546478492,0.677856251578,0.0346410678627,0.755126656982,0.474206486241,1.69685557043,3.3799148447e-09,7.64476787675e-31,2.65479944749e-45,0.000635029113491
0.727521825185,0.676202760572,0.885127550884,0.329775296562,0.474752677847,0.478939947524,0.182439378411,0.887116782258,0.374115338899,0.507913200808,0.17329816714,0.437746972566,0.391158697385,0.396255015039,1.40091364926,1.4599675409e-48,1.10437646872e-05,2.23988223939e-17,3.36615325285e-14
0.398247863221,0.157031440392,0.493021994367,0.88412661406,0.552269647166,0.791695105418,0.96290715158,0.936096986547,0.935431261254,0.499771716361,0.427167423479,0.924044939185,0.415601975926,0.0951923108576,2.03799318485,1.43472609786e-05,6.19372645375e-31,1.27052740617e-80,3.31640860876e-40
0.477826107561,0.755297747296,0.53506658165,0.722533438151,0.369710499484,0.64080969273,0.426546871158,0.666658599533,0.10211491033,0.653728134013,0.353968754831,0.354634985294,0.792884801177,0.821752858258,1.48368057884,1.79165898259e-14,1.6152621728e-27,1.51105136964e-12,1.9699164291e-32
0.942349337927,0.547733667951,0.734365615367,0.0805941878632,0.0301239040076,0.598343744354,0.177579204784,0.696570772299,0.816348300083,0.282742824485,0.608964152076,0.697987189662,0.292194951798,0.645223197511,1.63565799394,1.09694463768e-109,1.00241090134e-13,1.84823020087e-26,0.00677653739139
0.330905252449,0.606661854101,0.738796246043,0.740595767815,0.315849540146,0.32141629677,0.889466731172,0.298768995484,0.644280014873,0.254119171548,0.258953865873,0.350462875318,0.152026952317,0.374849740302,1.55646830714,2.22015221275e-13,1.7407169713e-13,4.81868976965e-22,2.28363260333e-48
0.3270586631,0.412132764609,0.308242667711,0.547158508168,0.524255436634,0.143275685173,0.168562150422,0.751101803608,0.385256013563,0.983919937352,0.988588395614,0.00394529992739,0.247282380368,0.399018820202,2.10694069483,2.14332419147e-26,2.56476544772e-51,1.05556850829e-38,9.601473902e-49
0.479708176305,0.463541769983,0.721025271572,0.276013202787,0.306127294065,0.958933728084,0.711977406074,0.913199299589,0.906695532823,0.67588765543,0.298924451337,0.599264230181,0.600911849988,0.641668920204,1.74075064658,3.38720980733e-56,1.70570970729e-14,1.11107638234e-33,3.42427409986e-32
0.380628787726,0.903753018844,0.498634267891,0.487492857591,0.353772274411,0.0442149481293,0.914531897031,0.27659162082,0.0491373077144,0.75182472149,0.948334155857,0.0630802917844,0.495031931755,0.627975284201,2.12586811398,2.09161575662e-31,2.00386443746e-30,0.000134472133485,3.74817079411e-42
0.492688843017,0.230550478879,0.13680096768,0.90236031051,0.631510100085,0.369473108154,0.971737355902,0.224853092089,0.129360286369,0.428138378211,0.309474356108,0.083709421984,0.935220009492,0.445567149029,1.87708927531,0.000101766141255,1.19817912678e-86,5.57452245854e-64,5.33184580053e-31
0.467860768131,0.22079554521,0.834665834435,0.798624202252,0.27957428336,0.409450021734,0.924292500218,0.738200855312,0.487893124431,0.736263686148,0.272400307448,0.860816479121,0.44082202233,0.850061100822,1.65755263317,4.46512824479e-10,3.68850930861e-08,6.52556143909e-66,2.6745465156e-33
0.214300855842,0.254795906946,0.615676267351,0.491473216529,0.606429601807,0.670068639005,0.481902823675,0.47930583155,0.906519387886,0.104129997911,0.00690320841412,0.0262223976878,0.751869908418,0.634910027089,1.91222625829,4.24272313041e-31,2.58761975835e-21,1.2499823298e-59,3.80232907974e-67
0.41054664571,0.279346371117,0.410721884076,0.72341494622,0.54734758891,0.80500512204,0.63899746745,0.89375068414,0.362855795186,0.261763706877,0.202606732203,0.957785888049,0.0648369300728,0.716900913815,1.87961845901,2.56411388662e-14,6.68303803053e-39,1.214766974e-55,6.40383885341e-39
0.474570964733,0.190566154173,0.179013135551,0.495724348777,0.0643323941451,0.35088570125,0.328196203607,0.422691384004,0.132599380686,0.531706480616,0.0402914385188,0.919161025502,0.486865324861,0.774795031784,1.84623577541,9.69241790667e-31,5.63503998538e-75,2.93078522289e-72,1.23743786797e-32
0.787767059259,0.169312490817,0.813688805827,0.818803184612,0.763567736303,0.257705744218,0.372842834207,0.286369979643,0.711755297005,0.448229999746,0.0479027622202,0.562762419117,0.469675491428,0.816972488608,1.54722379517,5.05388464178e-09,2.70089153694e-09,1.79710269385e-77,1.06036328387e-10
0.43601547309,0.767953150104,0.819286594174,0.105794919326,0.00793612495246,0.41369979224,0.0606388885209,0.124782677746,0.539195351734,0.219308563078,0.549828562675,0.340244574111,0.406900732607,0.892422732868,1.85439252316,8.14334280662e-98,6.4254923194e-09,9.94933750435e-12,2.5972377133e-36
0.771588781105,0.30508221525,0.401176847511,0.663503796941,0.744043715918,0.856629974485,0.790289092441,0.889770308593,0.418738200238,0.816349463177,0.716845100974,0.100536052668,0.464642097971,0.273708495036,1.78866265707,4.29526106735e-18,6.05667749118e-40,7.76850479214e-52,1.53900047911e-11
0.494394308554,0.769783665728,0.504101519449,0.205782736776,0.456735507832,0.221818656134,0.19312400564,0.336206321555,0.468276159212,0.830204728592,0.200703680347,0.839739634933,0.997921153163,0.490724069242,1.76331231039,6.07215700408e-69,4.94595048698e-30,1.20037864216e-11,7.07612293758e-31
0.425616803459,0.410606802039,0.507365493963,0.63497365891,0.435748033106,0.471642466322,0.341547718971,0.0913240053689,0.491916932438,0.796846503414,0.421561313201,0.111543563677,0.0126990440938,0.859990049523,1.80934492938,5.36058509872e-20,9.67684951842e-30,6.25540162506e-39,2.2673460717e-37
0.666365965572,0.604233901628,0.876568309391,0.0663702198934,0.325302402055,0.309646586666,0.163708915251,0.32304442209,0.585072724098,0.945864534142,0.00491055631107,0.555992858557,0.665308164905,0.269176176633,1.74604637839,4.32017465041e-118,5.20897419383e-06,3.61979938172e-22,6.44846584127e-18
0.308875237064,0.880036355676,0.192760233953,0.820377420829,0.447789862535,0.866978175202,0.406436440551,0.025662719563,0.453875445805,0.793298824478,0.155583507281,0.661322654534,0.134457492509,0.0415715775841,1.9477262123,7.70934830698e-09,9.7138693787e-72,8.62400851042e-06,2.91042866723e-51
0.409056681054,0.288024628465,0.806360121913,0.10025940825,0.227016031509,0.403669189907,0.764405527236,0.864761670812,0.400871291273,0.106323565606,0.0127738759041,0.0207216020119,0.486778670307,0.562474903333,1.92274386313,3.91340693732e-100,1.35814298628e-09,2.64852342954e-54,4.55397185606e-39
0.621455554929,0.738047111473,0.571133951681,0.498945264988,0.345137355069,0.99357778486,0.740459947554,0.773416207448,0.322052066687,0.141498642452,0.608352158453,0.437917937585,0.505235527845,0.0565552714038,1.7726325785,1.77839879167e-30,1.31382163117e-24,1.79121241039e-13,6.10584869934e-21
0.400226474006,0.913613398087,0.422692028225,0.511923448582,0.363615293565,0.175198711591,0.115458177318,0.169843284373,0.214431066502,0.652974473924,0.112911146639,0.0025693035018,0.405352707875,0.022178278642,2.12047008918,2.77366692799e-29,1.3333917363e-37,0.00039700686633,5.66413130621e-40
