$0,$1,$2,$3,$4,$5,$6,$7,$8,$9,$10,$11,$12,$13,$14,$15,$<0,$<1,$<2
0.990543607473,0.872367797085,0.420417373317,0.548532256121,0.793257635228,0.671045684421,0.681054060778,0.45915929611,0.713990118392,0.42231613567,0.148671612107,0.554097082114,0.149724701409,0.358954300716,0.00223696777651,0.00260695805244,0.0026681844249,0.0214042691422,1.47031433845
0.434108939638,0.275482627912,0.367138218853,0.189587096709,0.289505989854,0.204781081314,0.16524134462,0.201111033522,0.702601317912,0.719572949817,0.148479891971,0.488842853214,0.474947328034,0.372720758021,0.882606453013,0.270898699014,0.600534666222,0.508752603483,0.984878748007
0.305940147121,0.960163957246,0.00399010678491,0.754900073249,0.188242080838,0.0696710800225,0.52996742936,0.367842244491,0.163854179816,0.549783641076,0.0105085491959,0.285073277285,0.603823338355,0.892932098039,0.0388833453232,0.0959550872717,0.000648922989103,1.65244947484,0.863169276666
0.268976508898,0.673074110381,0.905978555553,0.0724061283506,0.476402346681,0.325484133972,0.250644496885,0.33643242257,0.391205634187,0.236374180272,0.626922645864,0.842537602141,0.543154225984,0.412284383849,0.0880594553008,0.0100588772147,0.595758797282,1.06792117223,0.551219115631
0.989315249387,0.388275045442,0.333939643306,0.701236009962,0.816472523696,0.646522915623,0.0883473897416,0.174079286851,0.317054645715,0.819070770908,0.704325584164,0.786631819146,0.401848798667,0.320450451521,0.00914598446255,0.0180364895029,0.0117013666913,0.0163262397797,1.69812040988
0.391386213952,0.272661358611,0.327417221817,0.838476183196,0.0776997142549,0.0175609696871,0.295467432245,0.674770948122,0.565121668605,0.251618542089,0.372473917767,0.570524311527,0.172218460873,0.383804189699,0.274705386111,1.05937329766,0.618369820417,0.573907562166,0.975676511424
0.601965523293,0.664810255923,0.56373560919,0.733860539651,0.759152680971,0.651307983995,0.619304730375,0.269061682819,0.418170793695,0.4414079494,0.586275684282,0.915232239571,0.570656265929,0.266872376299,0.106325263032,0.239343686193,0.320389433723,0.711939795003,1.14079550462
0.370877604291,0.0066469476592,0.104852694316,0.32366906858,0.112492052683,0.5814821146,0.846483370732,0.640736601506,0.802712428462,0.480363735723,0.34023964732,0.495220530121,0.653412229492,0.793869695803,1.09663303627,0.611135838595,0.208661429239,0.0132881923939,0.838532260894
0.773165457408,0.857410764706,0.948131257634,0.000524493484733,0.759080277717,0.20371124219,0.291645662703,0.519897434391,0.0624969307258,0.648062611354,0.447233751767,0.986934780134,0.927131896212,0.0396168015112,0.0129030034983,1.0630431371e-05,0.158016666719,0.695970424172,1.91780255873
0.882189483757,0.91538394544,0.782850379908,0.00212645407634,0.669806065416,0.455859760969,0.034048957514,0.372618856144,0.20470605475,0.930541217426,0.0664701933534,0.294862734703,0.877397679909,0.927625923209,0.0170647668878,5.70003943332e-05,0.0480737506604,0.38153779461,2.0562862403
0.473091213198,0.493082877078,0.982712711465,0.287848826876,0.0946850075272,0.312379540402,0.557955688726,0.357985737884,0.639682716784,0.154853062472,0.593397503296,0.0374359747128,0.228553519798,0.618857284549,0.0214937733355,0.0104397801026,0.879738536499,0.861143355836,1.13136661721
0.102155328175,0.623745567923,0.614305020159,0.141718841534,0.411205254807,0.695917279832,0.199282560364,0.652133080846,0.434315126929,0.154422645352,0.894834643578,0.597489274881,0.258820332945,0.681177363976,0.470464147514,0.10649570038,0.696300433326,1.2623245044,0.246053004656
0.314963971549,0.964386449009,0.671021981772,0.0114200377197,0.360668246885,0.189733282407,0.666725016732,0.458118441027,0.104607193318,0.030141133791,0.504615390131,0.210608139554,0.366154753194,0.551128144632,0.0395400910571,0.000709368122215,0.0695916603967,1.42934204053,0.77233486222
0.327737522597,0.953591668174,0.506207872962,0.583522727762,0.622070585568,0.565485498282,0.982930675016,0.721298804031,0.369319509987,0.550299386734,0.754435634326,0.348503835976,0.83519643937,0.446048585216,0.0411624127068,0.0536769575427,0.0689751317916,1.32290159854,0.750344117561
0.00185396397163,0.182737228879,0.572643563173,0.126796508096,0.359808355742,0.998520399655,0.971496385873,0.63726084076,0.131998063833,0.96540184182,0.293737907337,0.196936909003,0.477290503534,0.693176666221,1.18913654429,0.240024386889,1.52717302962,0.575737841596,0.0059221659987
0.550416568419,0.394924179135,0.887144205009,0.605704681374,0.662778423758,0.241326188058,0.598734766253,0.526789341486,0.613397571534,0.0107470612662,0.388504241909,0.450006739039,0.942298076139,0.576408756997,0.0850026259307,0.119228352732,0.817323908621,0.593218066414,1.19640572635
0.182859519272,0.762910934995,0.388747274049,0.468018478481,0.800500074018,0.716923681342,0.0434292012639,0.439418665967,0.61441424422,0.460723869482,0.837784548931,0.428391063321,0.713139884986,0.889545459306,0.356364477473,0.322244842452,0.336259231986,1.50118776978,0.476093216111
0.0720744048101,0.632655659049,0.433410594523,0.728298107243,0.143227884718,0.571337155577,0.0451402983331,0.51961687377,0.449821910822,0.721312712053,0.140653524713,0.892941406856,0.31994251963,0.850468693384,0.319061001014,0.701634608731,0.624314581663,1.52383381978,0.206732523498
0.377072145483,0.431332137881,0.651541170048,0.168359913194,0.262188216965,0.535628416836,0.0202719341389,0.105148552413,0.495340159118,0.172793528391,0.62044846332,0.0102120243961,0.586903352581,0.0779202405639,0.646524181716,0.175080001889,1.09899500755,1.03553157227,1.11155628528
0.547000095803,0.893436463022,0.0623357543034,0.83273279199,0.981237775477,0.13215220422,0.136275645289,0.558886809911,0.70317935561,0.642707452311,0.850536983127,0.347656571328,0.526946729739,0.465670493392,0.04815539291,0.179042618234,0.0182125515368,1.10254534508,1.29678956387
0.0468141955013,0.0308434993716,0.173696657816,0.394226828619,0.769837192911,0.289578900665,0.692466536949,0.980382449996,0.0181103986193,0.865602596606,0.931135800861,0.407178691058,0.251028290609,0.77847097968,1.62855864254,1.16079986782,0.559616812755,0.100694259415,0.153169519227
0.126083723917,0.391607593457,0.42055771128,0.549781455987,0.394901134691,0.400625682112,0.717411260815,0.969994501514,0.139373635474,0.515495505666,0.488542427419,0.252856219703,0.381599037923,0.994583886597,0.714457032601,0.835940445117,0.85452535533,0.984030106856,0.342207970722
0.938416721865,0.036988221988,0.00350383997111,0.754355204634,0.169132684768,0.393300731477,0.634207782375,0.772715848253,0.329323008825,0.35774013839,0.5045299771,0.281149606498,0.688440575401,0.563957822158,0.0489933277163,0.120607512992,0.000716487747566,0.00757215027925,1.34381647953
0.718598946256,0.997749740815,0.469927948082,0.0408096071399,0.140440412539,0.965220862067,0.502702566341,0.527613167521,0.177518196274,0.652878106375,0.879211497603,0.651056982012,0.931718009545,0.864447328875,0.00218731647347,0.000140407195073,0.00199394780144,0.838282580145,1.77132314022
0.995973960182,0.456616367812,0.0221763339397,0.198309133526,0.455612492083,0.130450070553,0.672718634903,0.80804945843,0.448821366098,0.216207615575,0.0901504299337,0.908889249559,0.22863381789,0.854071865256,0.00852620595342,0.00274531734969,0.000312148849111,0.007817434106,1.88055693975
0.165313512245,0.818092744827,0.986830644315,0.812600514444,0.337203118481,0.514691391423,0.362604797525,0.840676583777,0.645857444339,0.666008264627,0.506457376676,0.0482244929569,0.181103079273,0.810797742537,0.00263693295232,0.00869774636546,0.439293446537,1.49564208489,0.414142767764
0.813782522088,0.934746227725,0.645955496325,0.984788366667,0.39054935424,0.694983071933,0.537080445456,0.632922498409,0.599941092005,0.444231417987,0.42385486736,0.682890955796,0.87848338681,0.324180397663,0.000482123210239,0.0201734255993,0.0324646610905,0.37161888322,1.24051815937
0.62790084755,0.969440459249,0.97804775949,0.696827684667,0.421785012575,0.18144015617,0.611296931767,0.233578103836,0.633750879355,0.677321390681,0.157586116432,0.133686898003,0.44736687677,0.623976215784,0.000631804948789,0.00122485968886,0.0399525059431,0.832150380626,1.25922082281
0.449445566369,0.426082991269,0.614199412195,0.208546487396,0.863843377843,0.574628318204,0.634278985523,0.501576721204,0.0748000674541,0.279252295572,0.876105626702,0.163486119753,0.753781122422,0.808154224368,0.579207246645,0.196830668864,0.882735695439,0.849628641523,1.16753514637
0.0348145422577,0.428659146255,0.888498321977,0.434269203207,0.468552192529,0.950179603189,0.915199213967,0.517676890505,0.533871607009,0.919744316967,0.369816973692,0.619296440558,0.780387208226,0.0462846565934,0.197363748242,0.160302978924,1.43683989113,1.16397308075,0.102176815042
0.280202130825,0.327807239204,0.694889937073,0.316965734811,0.670502023937,0.298605369871,0.828893631196,0.903025351485,0.0484909203045,0.642389678181,0.0902834726975,0.598599955881,0.228122043921,0.0622792082949,0.64039034996,0.348093217125,1.40256439247,0.894385512658,0.85531718037
0.925336851745,0.0188164016652,0.964700892064,0.82828403023,0.19294363142,0.779213695288,0.133969300348,0.108988273466,0.872627325014,0.832920991172,0.889098179617,0.767922584669,0.0476655137,0.241923276011,0.00380544079809,0.0137644715806,0.25729088421,0.00761860214193,2.18805524989
0.57994542843,0.141345146795,0.118031749977,0.488083395157,0.429403473888,0.236074021102,0.605304688745,0.976515064447,0.618252963733,0.428012681696,0.662956385209,0.170725293046,0.798247472344,0.589314512173,0.661920464671,0.637592610911,0.172376080753,0.211090858662,1.23561570683
0.251396977665,0.480643004212,0.948773809603,0.53804778338,0.699284625633,0.354641467545,0.0694778855456,0.815779193864,0.396512411769,0.287799427666,0.0856760834114,0.276091576087,0.0162542937727,0.721695844483,0.068364765838,0.077066899093,1.27752496041,1.20600850547,0.733490192097
0.992423671985,0.54796414114,0.979340845582,0.770428901559,0.456928646779,0.794719171711,0.308215361274,0.113538215359,0.264215633321,0.504494816883,0.129378259177,0.288115171017,0.235550461496,0.918940769763,0.000156146612364,0.000414073486223,0.0136321469744,0.0158665745652,1.75803914027
0.249747889486,0.396716490429,0.652047421094,0.970393121823,0.669753352957,0.268722500268,0.32814489664,0.384353535477,0.169456490153,0.958397091969,0.946211824095,0.08405044836,0.55062265555,0.557440389386,0.0330448178452,0.710031484475,1.16833786575,0.982861651609,0.696804955441
0.856325497948,0.730772723438,0.757587680422,0.856507502494,0.44803782295,0.701041336752,0.582191627207,0.365007771967,0.236027828428,0.282481664879,0.172173142512,0.574723082417,0.406148716543,0.875193749664,0.0110433771694,0.04816258052,0.12343303611,0.295420501017,1.41101175172
0.448846788961,0.266346820975,0.983751766602,0.384476693707,0.723504049445,0.930440182655,0.34537468519,0.700878642715,0.0821284081983,0.576514841514,0.631450890567,0.590550263572,0.811087876015,0.704214276874,0.0240303672909,0.0165792366793,1.14362451121,0.508651784449,1.06537644675
0.182150900819,0.643836607606,0.0867937974337,0.621557381045,0.130344024249,0.758224487037,0.167261863021,0.285722083116,0.511502084579,0.783205280977,0.535624460161,0.234009577249,0.811858774336,0.583146839514,0.456670643642,0.675519261289,0.111861562193,1.31433794814,0.456226136643
0.297857453817,0.671652739314,0.883868179963,0.480394993159,0.441794243798,0.33447310378,0.6153108116,0.14289897679,0.619126969267,0.223512361361,0.19125913723,0.439962387072,0.334877942533,0.358233654742,0.0819461897267,0.077048329921,0.609743161935,1.09361718901,0.635231824263
0.112642435741,0.658008693429,0.316590627744,0.887907052374,0.716494335986,0.98642181333,0.0529056265742,0.563550451157,0.462065733772,0.622566514433,0.0735362580914,0.354822821547,0.1272645406,0.866428526767,0.153552088528,0.863051559322,0.47582209286,1.67456516808,0.348516053528
0.991417197167,0.785348645567,0.228773295216,0.880176776238,0.617572080516,0.981299742378,0.323205453606,0.573717263625,0.0960422840479,0.329497007797,0.133183130921,0.248382027607,0.966435877177,0.125927405708,0.00158563698866,0.00832475839405,0.00318357022095,0.0258234796595,2.02959077908
0.983203455998,0.0464213129969,0.764475802463,0.336438336376,0.417236638891,0.789834463424,0.84324613106,0.934396732748,0.169580564059,0.81273653582,0.858374207444,0.596766479055,0.563533058992,0.734523598862,0.0147977661921,0.00863999820771,0.0441842680611,0.00346178888275,1.80056007628
0.450994931795,0.30339805942,0.0721777784574,0.702811299151,0.981603834968,0.178440609596,0.720594273913,0.916968292101,0.449459988766,0.735702912209,0.725722121652,0.466306096259,0.366220574024,0.896788900002,0.556213620621,1.10365218363,0.140724370911,0.642171940769,1.1993826326
0.484589973901,0.482142284448,0.228423272921,0.682650461434,0.0659482083539,0.574333019359,0.230545616855,0.389674705908,0.915996876456,0.667243358101,0.736121971469,0.448750952476,0.585935053119,0.751894046075,0.378932677478,0.696125457462,0.29724926094,0.800280255236,1.10982480834
0.046055746006,0.963624917977,0.40071044673,0.463158856834,0.901596831449,0.595411041498,0.868328326327,0.232278112027,0.672820736036,0.216288259459,0.357802446509,0.802842933555,0.131765078818,0.307399292439,0.0609549409228,0.054278911497,0.0594391475565,1.76518714807,0.128133399599
0.370033212055,0.777986051991,0.823226955214,0.913728285179,0.499277311295,0.466256446821,0.782855468418,0.104209180262,0.481719211384,0.383658575451,0.382824045429,0.37014899138,0.0280750216769,0.333189050427,0.0162119721003,0.11889882716,0.42099274252,1.20396372709,0.841607263654
0.766156208643,0.0720831750017,0.771239182637,0.303594230326,0.831759834498,0.980003402901,0.395674870266,0.987764712782,0.777045873981,0.554759372869,0.252546696897,0.562878292674,0.656297201412,0.731672775603,0.202029423481,0.104380034638,0.605359509973,0.0735347115331,1.69141295455
0.855401935199,0.567992010577,0.828280079397,0.196558838821,0.0266504948906,0.628332517237,0.517890896643,0.530191003975,0.592935381485,0.480518298527,0.107332690212,0.412448851446,0.974685822117,0.547917522785,0.0588611525931,0.018774005529,0.223465645931,0.287531643892,1.59812397865
0.566505087725,0.989345270755,0.331250445752,0.232040615252,0.150580393343,0.0698105035353,0.248393592776,0.970757874412,0.716640034876,0.850417986039,0.520257795961,0.921435456086,0.0100463351871,0.487472838653,0.0186187174928,0.00710371170389,0.0114185823471,1.37217586893,1.69385421104
0.788105533375,0.301883288266,0.791490353271,0.13858639697,0.42906779123,0.367791119627,0.704632147359,0.839490088655,0.14833509209,0.978559061273,0.598809873545,0.52485667146,0.650687726244,0.358060124369,0.144769823744,0.0320225361664,0.436389765967,0.236555285385,1.49854043842
0.821542618749,0.974434487981,0.661301104663,0.50227321783,0.395407285497,0.214582422085,0.233481933398,0.144317311574,0.251688169219,0.911202510198,0.27870416784,0.668898929231,0.364958528932,0.251893977719,0.00666153333058,0.00670927751969,0.016061772209,0.463862039689,1.61248578096
0.782533412682,0.950950340778,0.7624856549,0.577222937264,0.47265051576,0.884530631307,0.599749448701,0.861108907384,0.105202885122,0.489746296778,0.362304683572,0.475315942747,0.381123336432,0.807482791165,0.00911277255775,0.0116428869186,0.0377731531485,0.525437075806,1.48228177487
0.666786491881,0.84008290146,0.0245955485553,0.144580956672,0.505985438825,0.793736189161,0.337378284522,0.896429904619,0.107100972717,0.847790880214,0.650451480267,0.0760766689132,0.700053589384,0.458220751982,0.216442417804,0.0500185580642,0.00858682279343,0.866318894354,1.54980044467
0.935253756976,0.675244807038,0.465667718788,0.509557640151,0.429393573102,0.74740230747,0.499214782498,0.22636400652,0.781115010386,0.275825604989,0.557123789609,0.777492565361,0.0138887300056,0.813846862375,0.0433031633485,0.0446233120331,0.0558110730219,0.14933116556,1.67671043684
0.769333127261,0.918861334962,0.037661411542,0.891209420571,0.416837632176,0.478373174975,0.364901831135,0.198649530256,0.811712008229,0.820203307541,0.971650548708,0.980973952346,0.627711349644,0.420643294659,0.0137099413975,0.0794452378288,0.00477489440677,0.63022029797,1.67615592622
0.922504235515,0.952130323219,0.545066839678,0.267512830753,0.172777337539,0.591388461432,0.767236403005,0.872036717914,0.486781600519,0.201162112331,0.157825905174,0.386961736865,0.678024292174,0.880720791423,0.00939425417457,0.00419756184868,0.01185998665,0.208418202997,1.70849661588
0.816151633692,0.45161264507,0.503020598265,0.0696880476389,0.528908754789,0.350787382482,0.405673347423,0.566111746724,0.876042537436,0.263828435382,0.599510352719,0.776789875289,0.224124182109,0.0876151465926,0.23675247707,0.0260202972118,0.24044904678,0.290544651816,1.50137865255
0.424753683917,0.855677561241,0.321481298964,0.299983366024,0.44353404464,0.221480438003,0.126378198128,0.360272289249,0.963455454482,0.590215801044,0.33001601115,0.190803019966,0.806417574815,0.92190355854,0.2559862276,0.130423072778,0.158814081367,1.42313684269,1.15045456475
0.300153785762,0.930605477689,0.348146299716,0.460029379843,0.0839423468438,0.153604212554,0.215108853459,0.451488667223,0.251785847784,0.462376910809,0.706333977668,0.0394786788718,0.00461790474177,0.392543787316,0.121162677245,0.106829207091,0.0983416546091,1.72803613035,0.886264350793
0.787540526032,0.27607013035,0.467727487702,0.738358290193,0.473901220665,0.376620904191,0.409152704998,0.902322444718,0.547060186214,0.752764828642,0.944884744923,0.972661245318,0.467705957686,0.688451296904,0.150685861705,0.345765390491,0.340748394463,0.235366567228,1.61566603135
0.54519280823,0.077462636508,0.556896699001,0.735895461024,0.309255028931,0.32746704928,0.535919765335,0.0331927249007,0.793826387335,0.344606049081,0.147646578591,0.42215323172,0.041649024363,0.243700667084,0.302819826259,0.687578495704,0.899214613498,0.143286817234,1.36123929189
0.718583696204,0.16258938731,0.0434805815257,0.173979200995,0.229659093009,0.436051620545,0.841305439098,0.750194197258,0.116946143655,0.109284881147,0.423630960753,0.658619126802,0.633792081902,0.932054987406,0.712231532016,0.199637744475,0.0505983218162,0.193579591058,1.61903707009
0.847712836923,0.0427918335035,0.515076331156,0.373750271406,0.650336975109,0.250228844933,0.327531048129,0.877588197621,0.709282486237,0.183619065141,0.645182967928,0.775754748175,0.181099251082,0.194384569322,0.230029343635,0.153048378556,0.289698266813,0.0269495390858,1.64519836347
0.514883167489,0.170780216228,0.0891058486898,0.257504966186,0.0205432671268,0.670166237907,0.7749488209,0.434630690576,0.949231260577,0.685487990403,0.840329640465,0.198467508142,0.271567348687,0.199287999354,1.16608753387,0.49919436375,0.178709299247,0.352122563088,1.39210354229
0.868054220387,0.187621288728,0.160951064375,0.429358345552,0.653411220185,0.576552633608,0.868781890548,0.231569141781,0.701563488626,0.968863438489,0.677316317182,0.66904681151,0.134189706085,0.454863945879,0.252216565975,0.201646533553,0.0834250615235,0.101240974486,1.6575339939
0.81120408086,0.969749451843,0.0361230079536,0.29491885371,0.0260648265807,0.0832664933556,0.0748958671078,0.857249996339,0.612502047945,0.429360143795,0.344918955391,0.016959343884,0.272753335744,0.815824821967,0.0264451139575,0.0132096623143,0.00167913646961,0.622637275733,2.03992153306
0.144363669793,0.685634691156,0.921075198989,0.861777475953,0.170989183178,0.668859478309,0.994039317906,0.594251447137,0.126552038562,0.329961514003,0.00601147135804,0.228087678176,0.0510153252444,0.191022773117,0.0267349254655,0.121193651439,0.99593602504,1.86451508451,0.48857504535
0.790044773144,0.735916457973,0.220371687518,0.411169088141,0.980180939579,0.195700208456,0.388817100359,0.437311951344,0.299788788137,0.234499708879,0.919585708328,0.386422463995,0.262322261814,0.44121539986,0.166578130298,0.125549411018,0.0752356049564,0.503538596998,1.60737795057
0.498783953257,0.537504064931,0.867317901243,0.613049880376,0.0350598600245,0.860388246315,0.774492283466,0.473997563637,0.330045801376,0.159467946801,0.396164010402,0.144376191603,0.298008627585,0.311985311343,0.0989966304211,0.14230224369,0.819670261142,0.942820578913,1.25646792029
0.607990762263,0.440322128274,0.499170990812,0.763497329853,0.336864959874,0.535267689059,0.0154850368844,0.88777573549,0.561066048031,0.257930308575,0.404615520244,0.784991438649,0.114288000265,0.593289103887,0.197013031485,0.505697172938,0.541307239392,0.634776431928,1.40662244991
0.486645733498,0.172827157823,0.512223525648,0.376361789131,0.200694781707,0.91606123512,0.630962444037,0.639706047383,0.660742434928,0.278174129195,0.083928551919,0.532287789239,0.943844126204,0.955572575283,0.781873769052,0.524854026735,0.978574795159,0.378021654839,1.35178282958
0.776078871449,0.490899365032,0.163321664769,0.422486952348,0.631871426791,0.868234354102,0.862153636554,0.769088783523,0.44098492728,0.343535735657,0.924420999574,0.84441894356,0.717674000155,0.572474219652,0.326809253381,0.255550296816,0.108828806134,0.416808126082,1.62962837273
0.586731251354,0.585645158256,0.97565380984,0.86582705225,0.684543449477,0.328632622966,0.0150624896932,0.723565924476,0.329493304185,0.307837785318,0.0712185003324,0.178667652845,0.0189320725689,0.566134622869,0.00567596644677,0.0265312167913,0.709107756185,0.931790116851,1.54337660033
0.560383813594,0.65851800276,0.695641372534,0.407223752757,0.778705286242,0.51799481873,0.00994218114972,0.241660899742,0.615145344843,0.259011122157,0.706204494681,0.275840926216,0.503999599834,0.956967623084,0.211210380747,0.157145621816,0.508043030143,0.962416159419,1.35510911159
0.502739820811,0.799106766292,0.548104657962,0.465796150881,0.998545369316,0.611972624009,0.436694241232,0.947255307177,0.1425420673,0.30083816698,0.52992829641,0.561898323774,0.905451778987,0.430967794418,0.19140339188,0.171867056943,0.299382437298,1.20904652278,1.28284251161
0.480318325051,0.586967809098,0.0945083268346,0.946242027881,0.0126285380302,0.313533874565,0.263310424962,0.776484378664,0.0233928880766,0.894474193178,0.453826551667,0.673969970345,0.204945903496,0.781059359065,0.0729322258925,0.861633813869,0.129321224933,1.15302162237,1.3602200186
0.579629739302,0.605540598024,0.517747770127,0.783479016293,0.443713830464,0.189682174653,0.095990580757,0.78070068648,0.42692018418,0.838333283867,0.700626183342,0.858273172751,0.638276950523,0.700845032263,0.137930155995,0.389786195895,0.437191708021,0.843570599033,1.3342551174
0.634170108872,0.916102326204,0.291523233161,0.496572366301,0.693550988193,0.875178654763,0.145671340194,0.486252231572,0.159741914284,0.694799303221,0.365074731784,0.340704787305,0.700839859047,0.189188733716,0.0746100797258,0.0738109561638,0.0517267331564,0.8827006352,1.37508271454
0.576119916432,0.950439457701,0.699507712549,0.0513453776093,0.155352764637,0.57202070278,0.594785819085,0.934682776191,0.987082832766,0.817572939122,0.183218413838,0.650079301047,0.873012490564,0.453346299486,0.041893130071,0.00338615751098,0.0823305908574,1.1849965972,1.51319514725
0.931002881685,0.165751405724,0.883932150417,0.884386445506,0.141679723474,0.0699624420535,0.294291938353,0.122907429104,0.112727551005,0.49094277779,0.32596499527,0.833008444195,0.0739496219983,0.272516892151,0.00692196948245,0.0376955034021,0.207878409871,0.0563140080127,2.0104866403
0.946836225354,0.668884648564,0.985679029613,0.389012261676,0.214290133712,0.559941137303,0.876039005992,0.83046021641,0.481647692419,0.723023505821,0.0442652157013,0.995967709238,0.0739941488139,0.0251768562197,0.00171570240728,0.00120184333588,0.0931045265707,0.162608298288,2.23869592301
0.991335355587,0.448640551263,0.480486206809,0.446735797628,0.677261348851,0.285453751455,0.10278551035,0.296501074696,0.637527967038,0.921599790691,0.945112173112,0.071586539954,0.504949691632,0.832248647853,0.0113363759184,0.00958209074147,0.0139603353404,0.0173284578113,1.96519773665
0.795917571222,0.598182232483,0.543854792849,0.368289539672,0.806990722887,0.472465073981,0.953358089618,0.543437156077,0.271723156731,0.563434362672,0.645241044607,0.454109213429,0.0876170090934,0.374305176385,0.160286538758,0.104673183034,0.219811929019,0.398799867562,1.48775426201
0.455014170392,0.253826842557,0.815209358685,0.776055728987,0.191079900843,0.38600657078,0.366993249957,0.852984378537,0.0418873053101,0.836168919051,0.766795839348,0.327570587678,0.577488803576,0.211096546072,0.121078553382,0.329881425071,1.17640991056,0.517227795033,1.15613807196
0.316396254974,0.509019713105,0.515403016798,0.133267400389,0.0655238550669,0.681548619667,0.145057305945,0.295347730752,0.124443431769,0.620047080042,0.825525937577,0.229613793984,0.661641455997,0.39443884062,0.728169599314,0.154698406322,0.781344050644,1.11021659144,0.839808559248
0.871601194949,0.0135004277236,0.893042462395,0.626518914146,0.256950922256,0.0484208805721,0.69451546703,0.488752464714,0.680190820655,0.77047120455,0.0375575715055,0.923973576319,0.740615586092,0.49510398717,0.0344489861593,0.0518237939804,0.366899900336,0.00789293537997,1.82044482726
0.963238258966,0.0350381762971,0.74415839206,0.490296255593,0.217067589545,0.812582480745,0.948819347825,0.85659569294,0.982265848183,0.324488932809,0.882453310382,0.591951333366,0.470164424344,0.93380698793,0.0341956306204,0.0331687424886,0.112091189263,0.00671009201644,2.11002374008
0.911591334281,0.340816076313,0.403888003545,0.899642229364,0.703996126268,0.675277095057,0.037909823811,0.878606553459,0.257575175092,0.107008959758,0.528623226309,0.784269551054,0.0996036501607,0.579334237769,0.028461840909,0.179049686064,0.133419772261,0.133513134431,1.87245631045
0.897104851027,0.871308335003,0.829173948888,0.310296982148,0.752513969816,0.0981224782543,0.161889523741,0.568779236831,0.481560767359,0.735736024029,0.075060798501,0.975452905908,0.945744236915,0.908359589303,0.016441094489,0.00871493375212,0.0676744578083,0.342458720789,2.14399161592
0.702893574919,0.2557948533,0.559053376586,0.0655248659398,0.690452526145,0.889366755426,0.881245944278,0.0874860918048,0.245729140549,0.522008437068,0.877384732666,0.462715098333,0.817112539427,0.88986104491,0.516832756091,0.0533842888501,0.626169274917,0.345742150859,1.75477004442
0.654275450841,0.262533718514,0.280052474465,0.787414349864,0.21591899622,0.308619760651,0.105374981072,0.70937293646,0.53234303389,0.874474915629,0.765422218561,0.777556640874,0.845895338511,0.898253098839,0.264499354177,0.762420656302,0.37982550745,0.390187956264,1.61286972994
