$0,$1,$2,$3,$4,$5,$6,$7,$8,$9,$10,$11,$12,$13,$14,$15,$<0,$<1,$<2
0.719492461394,0.938671997033,0.999605935561,0.461542208963,0.828532751056,0.368859796906,0.0744991133125,0.712009660178,0.275448789439,0.162361375766,0.102967852108,0.134092500094,0.184362998677,0.718546684222,0.0193062406938,0.017104039601,41.6691616115,431.210951671,918.736547505
0.98479508394,0.92959457211,0.185559082956,0.408406502746,0.457221109879,0.67263855033,0.9254496609,0.0540300459911,0.112759833004,0.657377906808,0.230010648517,0.276261600032,0.948621611643,0.262154663948,3.06796134119,2.29150467714,1.14886199417,36.0023685593,1516.37242445
0.334353692343,0.984836110451,0.0900251696092,0.19350849614,0.729205203774,0.470835378831,0.424742532785,0.878449921084,0.446927123389,0.516850922744,0.514295855611,0.178956301805,0.149747907229,0.695291180259,20.3107227628,6.37113244073,3.03038192251,902.504369557,523.140010211
0.839531690159,0.856279566502,0.00684522802602,0.409524950282,0.937738656662,0.500118074794,0.74535821237,0.94191225897,0.284286968972,0.47619365455,0.154045607669,0.363106636221,0.447551121251,0.565928290114,65.8749111596,49.3834581107,0.885284132838,358.490638969,1428.21770474
0.0268120573279,0.967221200271,0.961843555837,0.769784585149,0.650476272387,0.509790624554,0.669205266377,0.159788255786,0.389506845437,0.340056764773,0.995112427897,0.944383537114,0.50582591897,0.0905143835708,1.13607488414,3.00346099241,53.5120383483,1040.2436604,43.895289209
0.0629288012028,0.659548278314,0.98952345871,0.134316306167,0.217918773457,0.278996441515,0.28905038361,0.16591299466,0.0315403542524,0.895555910315,0.94223210505,0.407257247,0.872832767716,0.88558879059,7.50247232728,1.60681127703,466.19334627,787.121420651,90.7273405178
0.765339016968,0.999468783322,0.70974354765,0.552432399871,0.64199752878,0.724798416831,0.33345918802,0.253884400633,0.426051594625,0.468412024309,0.428511028322,0.415745411274,0.63452107727,0.535551484907,0.11866220928,0.140015357611,0.37425944157,499.547929476,1293.29922629
0.720865782943,0.556398043174,0.996339358036,0.900341384641,0.337319454613,0.88214631737,0.361993768091,0.201358812437,0.56268905816,0.887059772978,0.576065760327,0.962140506929,0.200957980665,0.302312588187,0.231306654245,1.46549854748,258.016052101,308.32436932,857.409157532
0.977393397572,0.629591396154,0.960069127761,0.795657310878,0.275979957386,0.314949521952,0.0972492797831,0.346697755422,0.189760742081,0.858268354749,0.870031413806,0.590156684216,0.462149169887,0.415987199356,0.376057169596,1.13107313207,18.9783914757,28.9083151388,974.006923282
0.450900916709,0.401557094405,0.0423470900481,0.263410372607,0.691621308482,0.809321742053,0.265187252984,0.883410304551,0.408120934122,0.324527247222,0.163138583799,0.916544680686,0.292999191466,0.284980786892,387.398157684,170.111818643,28.1857638735,309.670438057,449.74455445
0.521383543348,0.531816543578,0.935487765493,0.670233660536,0.127486822837,0.504965252334,0.0780653088581,0.689279931328,0.384422268431,0.109227576527,0.715513927682,0.282453754004,0.0242340209292,0.495094700095,13.0162943861,22.8394674183,258.527888757,287.225698613,414.267555837
0.989688217403,0.735597137395,0.0978766822658,0.325934151395,0.343006251898,0.727204431852,0.0411193854344,0.433276191255,0.761400950626,0.354463201892,0.192304171746,0.343671914881,0.831362679828,0.905536509363,8.09232745587,4.54753249834,1.43849206177,21.3013496765,1437.14653538
0.947818692062,0.937553545173,0.414861887178,0.563444481435,0.756277044721,0.561178303341,0.0114156572354,0.869314914653,0.549539087543,0.954462270664,0.705307180909,0.423403302807,0.862357810403,0.391172401561,5.21423343005,6.37281811351,6.28126967596,105.241218315,1287.26987803
0.967203893057,0.305691411731,0.925971872058,0.955486766585,0.309671860266,0.628652350827,0.391723451216,0.794355223795,0.240578918302,0.649378751012,0.806948993196,0.86002430301,0.480930777193,0.305497284689,0.316131902113,4.51388764209,38.7376186738,20.3132165177,852.841859492
0.426721507403,0.853164382403,0.791404705761,0.134575803313,0.287752569006,0.231276742969,0.310687452288,0.623005954537,0.803521449044,0.00893284466104,0.995688017551,0.704288527085,0.969314061943,0.709293249359,31.4942001881,6.75856890876,94.7630770554,426.218456793,347.067315144
0.304518666161,0.349756419961,0.221247139323,0.580469825123,0.195352750723,0.408970784105,0.119584532892,0.417771333985,0.0271430383324,0.530392272329,0.196288559941,0.073525424778,0.291997386776,0.485540086738,275.667195561,355.930089635,163.078367531,293.172267965,291.109731264
0.313078759404,0.949970423928,0.983478892439,0.20381002382,0.206042128761,0.784172953314,0.974598193412,0.6065360325,0.613149413971,0.793846366358,0.404193091949,0.614524890462,0.0648316342128,0.33611897076,1.09842781977,0.364182939159,44.5822290123,566.325357072,304.308672228
0.817590096147,0.99847145308,0.48751475514,0.920252409529,0.116067896132,0.827595206708,0.56045746474,0.374152824725,0.463228816126,0.777846100386,0.144580541233,0.55408817637,0.479152923953,0.442630456174,0.085642942312,0.680102147446,0.659100438373,396.053326772,1344.21441359
0.0462881210861,0.61943471633,0.78492763046,0.302531398079,0.193360459163,0.110701815924,0.129044903247,0.365953671686,0.531910530278,0.273254041245,0.105645968826,0.188855850872,0.207120317607,0.287891471627,118.148413528,60.7925891521,378.224571351,588.758831638,51.8809155061
0.0116338648363,0.134425673651,0.49621393793,0.777798796968,0.989831500498,0.184445761681,0.478081981279,0.56384763723,0.118241434611,0.726572305231,0.559547642222,0.54664905027,0.0578363965551,0.291650394364,270.911609538,744.400001356,782.797796919,238.719278096,20.8165966874
0.163695716231,0.056949604437,0.0268148511398,0.169992628809,0.127354264021,0.413036842534,0.798530553705,0.222581077272,0.0652771555152,0.880253491003,0.689442525184,0.311761851953,0.219151458517,0.44680394704,786.224727696,215.076961722,34.3533778349,73.1768699185,215.388111269
0.708548177685,0.570188917889,0.129727388607,0.00244960479629,0.313746450142,0.235476278527,0.2156627716,0.0474193391676,0.49765379486,0.60166034844,0.671414164563,0.830288483486,0.481650702704,0.181788761145,237.861738202,0.915256100548,49.1529465403,303.359448538,788.705177648
0.763471347871,0.526408365884,0.976992786377,0.565877951517,0.999201872411,0.501822538021,0.161594381471,0.62296291202,0.78865235343,0.000215499022251,0.889989704633,0.569339350961,0.757869470612,0.204463618554,4.12156892483,5.07684028509,180.864832917,196.657339223,685.93084413
0.621989683198,0.345932666344,0.404189394323,0.588669164365,0.999529053993,0.0108576423099,0.579118689959,0.0115166019666,0.391091629616,0.71487723456,0.00637914643363,0.581952319889,0.906334612277,0.221701563825,106.808927814,141.638497058,130.678502728,133.091234916,381.325062813
0.982881072843,0.35138960231,0.106150449546,0.843295115612,0.600060344431,0.310472067784,0.486413851907,0.622583823767,0.201969255486,0.41736340143,0.918479873443,0.510694277008,0.926581662212,0.215829076334,2.70915427419,10.7828555347,1.87119375244,6.94282382427,492.273843265
0.128152438463,0.366834954644,0.876348147495,0.0884869942301,0.618532934141,0.309987035998,0.911451159347,0.851436021809,0.773662723225,0.788563142952,0.877427851515,0.152392656946,0.491380842619,0.448774262631,159.000086555,22.2436554473,816.160637374,540.490979752,202.428663296
0.734831192289,0.981493329493,0.407657209462,0.373771524623,0.722496523785,0.955338967722,0.825434653078,0.869876188874,0.136870710227,0.0215282227566,0.888896677333,0.3869907939,0.944497718141,0.288908570632,9.10191480846,6.05633230514,8.1457659012,468.859693088,1060.22768258
0.376186670281,0.432722544511,0.261301389593,0.316384035523,0.218430576683,0.0144072801374,0.335226935703,0.485100696367,0.588513856617,0.208984717337,0.526207603908,0.315887727982,0.808609107196,0.115818056477,325.152359828,176.356463232,160.968369673,326.031471747,347.973744286
0.0849149579104,0.308847362499,0.652531275883,0.972031050712,0.568897057922,0.0739094511455,0.660150397993,0.288018070435,0.614690216926,0.837334989631,0.890232967566,0.136233333807,0.672549463624,0.738155521094,24.1818222395,550.064289787,906.561756535,559.13666425,160.885158577
0.662633193029,0.972819816901,0.928348882137,0.380398309337,0.320532388041,0.0878092604931,0.420551143115,0.856651433959,0.73750067432,0.697529771182,0.0386876406111,0.706649636846,0.668721932301,0.506822020073,1.88366818695,1.28186316761,20.1585502414,474.875270558,811.343134568
0.779873129999,0.822286675843,0.874068292858,0.481601424947,0.099581083308,0.630465129533,0.997195207669,0.117423724108,0.78402714384,0.204659143695,0.81491273359,0.878167268253,0.934443761959,0.134500085535,10.7367114068,10.1333888847,73.6578468521,262.084615955,756.809487262
0.982999298005,0.27867435325,0.977499690001,0.359510464309,0.421542570448,0.552450540782,0.0660057051575,0.232932070306,0.637799448088,0.686097021261,0.193465795853,0.217124132502,0.42136812675,0.272685207202,0.790842375466,0.501031203854,26.4775476713,12.399854601,1095.13863892
0.817464691868,0.942528961028,0.114635662882,0.931579291864,0.889783445547,0.501069418997,0.829323713523,0.581582525234,0.00259855088576,0.839381495454,0.920193368004,0.924226169983,0.929345620294,0.471192271539,2.47776949629,22.9655461737,4.20493530986,259.369126338,883.259917987
0.729661407019,0.947410972877,0.165360591087,0.0838968909735,0.94935139898,0.70321582489,0.882985694692,0.639141813584,0.717181535741,0.0763307080574,0.509007168105,0.48233681021,0.0406007806861,0.278343032141,32.5671548825,4.31687995232,8.73047355371,410.559454456,911.107333694
0.748131671844,0.646580378513,0.00574362804006,0.787243399972,0.700500552707,0.350195124769,0.825103643547,0.119781970445,0.253906308364,0.0042470548796,0.395570711554,0.222466182378,0.98281961694,0.210010079269,55.4609533655,159.727936651,1.52551656129,272.630924711,768.119431973
0.905951368851,0.569281249459,0.389086417195,0.0960018646568,0.729636313401,0.11386537219,0.995442327536,0.731611915522,0.207673897203,0.712878103476,0.410325278678,0.295835591482,0.229873333891,0.121384043344,50.240093266,7.63413051232,35.6058076806,77.2712873924,665.931067099
0.411014168511,0.945415844796,0.515485729409,0.399631594827,0.0908744435323,0.287228888631,0.984511609515,0.314652934577,0.234024923079,0.204249582327,0.798871503149,0.970364115237,0.243297836053,0.613790788708,28.497832356,20.6797011378,36.9665057016,593.963271529,449.091363462
0.0460317675668,0.584850412175,0.0725571714815,0.39445059079,0.98783568302,0.943998549285,0.280070841094,0.635340409061,0.690038316939,0.220698618115,0.4523296915,0.764777475681,0.358730662527,0.533277343476,640.363334581,456.776055615,90.0388240275,1036.8931776,94.4953645381
0.381863309455,0.636079605941,0.525914549281,0.396108684415,0.709789728952,0.798414468103,0.169318308872,0.483962748109,0.615828287994,0.0766779898302,0.898124540136,0.824285113382,0.0145901123548,0.551859618117,188.090348562,134.906803609,251.124370236,530.906767152,431.717827773
0.139707391322,0.755446772395,0.993602500363,0.521509226081,0.663446152259,0.26151707782,0.35259170791,0.956753457374,0.190255442947,0.769297346442,0.645182083307,0.443525629924,0.387711634206,0.0265462770202,3.7272400929,3.98801155102,543.173107457,1343.80734187,323.289474593
0.225272881168,0.637587393069,0.328301061883,0.150330509882,0.611631515796,0.631683266318,0.257332061705,0.204251872117,0.736700894918,0.739278035144,0.90747894545,0.0877103168539,0.861732034992,0.0780680880656,467.508237898,112.495532411,272.575305256,863.719167457,378.804253981
0.213831364284,0.830983554753,0.467636199925,0.722536925375,0.75933987948,0.542103585233,0.718408142279,0.0216253983446,0.215043136346,0.480302920124,0.376528482768,0.651057150205,0.861477668676,0.195613326484,89.8416164503,192.914889886,192.201739239,1054.60335693,381.544897458
0.26325188276,0.549003376031,0.468951594884,0.0832277937749,0.986607893688,0.421704387488,0.270122520767,0.942853896312,0.731800931487,0.570901414818,0.912514629443,0.635794035936,0.805849843297,0.31015165341,440.316473359,57.8945036977,402.770682691,699.756171068,404.357952721
0.262612359975,0.78078602432,0.74744669887,0.403569548876,0.460168449373,0.318234016814,0.882861586255,0.391838972598,0.312996636346,0.983398073105,0.954017133561,0.0707524066006,0.375351921248,0.115385613318,91.6932556863,67.4077876767,271.661476732,821.285281509,381.823971892
0.212951286812,0.863818243381,0.789092847681,0.669818200569,0.189185710331,0.9531555454,0.569584041537,0.471218404921,0.816901598518,0.028696001508,0.952313867628,0.417646960141,0.98224824193,0.659079305516,40.6387258558,71.200018925,238.339278664,1160.22681894,412.658680713
0.760393318233,0.0673148464053,0.0229853193373,0.327065941918,0.489505740415,0.72033028539,0.732687530959,0.159471297314,0.868410575865,0.81325197252,0.610013380206,0.926277612674,0.727123492028,0.687989797097,297.806366049,168.051430543,12.3515655381,36.316121912,870.655843869
0.972602113163,0.348484664186,0.247123488077,0.24140825512,0.0278216249886,0.754762655379,0.0934439027448,0.183893483302,0.429579962695,0.38834731168,0.321512241975,0.628650673041,0.152490748883,0.696691500517,31.6925135721,12.6291212654,13.9510997499,22.4663662444,1002.38366971
0.887684269405,0.565263520282,0.534355913046,0.596253773404,0.739750621798,0.881253217638,0.279205696437,0.993936936088,0.992352427769,0.838886562114,0.604618367236,0.940907577948,0.0160810908624,0.571007978012,43.8931043527,59.6720671673,82.5367579574,136.339393679,985.816862859
0.474202920915,0.5540847595,0.930617416636,0.634768954265,0.382423598617,0.68781651621,0.114037264414,0.0103208377782,0.70379298329,0.661287479692,0.0777163589576,0.0640815809296,0.558679883038,0.486376169459,24.4333050757,37.8103860972,411.424965251,490.935727412,592.078172649
0.78604167551,0.0450516730916,0.823582954636,0.517439238321,0.214022144596,0.664661053059,0.590844588433,0.202111616482,0.37969272359,0.975092958342,0.668844779922,0.489064165388,0.993166483641,0.630383041421,47.1061266893,49.7603002659,240.901954213,17.7537543987,718.747117401
0.962311872304,0.633267331494,0.370077878923,0.266076813736,0.187766769233,0.895216869476,0.793266194101,0.23808062442,0.0858140232631,0.274828503513,0.850787236998,0.4284427212,0.924356945196,0.644193723397,26.1078312075,11.5949822561,18.7698877801,52.6228640506,1058.71755001
0.844641351866,0.804763907781,0.116264561609,0.130889493409,0.664741744846,0.118020756082,0.831302032649,0.530415687506,0.934876348089,0.236229947362,0.904034422818,0.504291535582,0.497918721056,0.43175826094,72.5694798194,15.1341909493,13.6909031105,238.056281166,1002.84154439
0.410044352839,0.449911724075,0.109272795668,0.972569583427,0.725601096833,0.886300574147,0.295664749012,0.106720519462,0.735863073255,0.126144048339,0.428280572417,0.975247718108,0.87298806529,0.588160986905,22.6411364032,525.142373483,91.1185719003,455.498095097,526.759324445
0.859093421313,0.368978582869,0.123138844066,0.73227567598,0.497705789394,0.585527437538,0.662660394927,0.55925531568,0.15146164058,0.495850883549,0.793064448952,0.177255213947,0.578539135392,0.358705112896,73.0894466054,163.430318164,35.0673814591,119.416550441,968.97253286
0.465974985865,0.548457729953,0.732236725052,0.188404335246,0.911476165982,0.676526514438,0.0231315979797,0.200494932769,0.30096293037,0.443008881938,0.281300516045,0.512312403543,0.825156593352,0.0634957341647,159.47923654,48.6249952478,372.74649286,475.760837552,563.290455491
0.908047688716,0.457848383111,0.0409877090584,0.479815543598,0.659028552517,0.192800403028,0.7189598774,0.263454114813,0.599750267934,0.956821298393,0.855679231346,0.970654113533,0.128666335451,0.287310516793,93.5039491958,87.7550836435,8.26755644212,112.518578053,1174.27832466
0.589362874966,0.0111947657426,0.274413884095,0.0516595685657,0.976483477036,0.761940763679,0.644757034432,0.577313573863,0.166386059751,0.81053502243,0.24679355867,0.468704761514,0.908910590282,0.794128127499,632.00339528,51.3978290106,291.611900717,12.2741683591,927.765168725
0.969293901521,0.0999148312516,0.338122411583,0.270340513408,0.257456264963,0.907763461761,0.240244934495,0.396015564319,0.794052800407,0.0474689951153,0.945951385414,0.910962178901,0.601436246959,0.147189651765,41.9261538656,18.9573880173,27.0290888634,8.44476859224,1119.28536164
0.41002096937,0.925694798923,0.625741165084,0.685463549804,0.56452364976,0.543843402678,0.00536104045433,0.0813376605169,0.142119660585,0.106830089094,0.817431985033,0.209278194819,0.126054034594,0.595577735629,22.1446106801,41.1127697846,70.0639850929,718.11417426,542.906217855
0.670417371593,0.188047854323,0.0400779060917,0.383441904657,0.221126161641,0.510172882971,0.514780543687,0.359123015684,0.0946285718941,0.362530044418,0.217783143376,0.758284227065,0.399283187733,0.990873062162,320.799725871,220.560105532,24.5408926323,118.695788843,715.930787591
0.873368504928,0.66347753842,0.767737379559,0.324859347939,0.0840225061447,0.420793623137,0.21512592181,0.603518835016,0.14240828747,0.600375013273,0.00915924119975,0.933482050058,0.966143757735,0.11753642899,26.3433694967,14.7453511444,79.0431130532,144.871627123,832.287161069
0.826041632325,0.0302380717757,0.499491099085,0.548730826052,0.579234505301,0.255682899055,0.287964713498,0.243111228454,0.97952932754,0.103872131403,0.136255735078,0.511854077194,0.0230035648092,0.280673834862,124.49204115,145.174393302,190.937460587,12.8455978805,965.332427587
0.439569488336,0.51291591393,0.466600536892,0.882817799623,0.834924955107,0.908957109612,0.945611831742,0.128757849602,0.793898838126,0.348460143749,0.547998755127,0.99754051261,0.400262342768,0.497766619351,72.7180193334,390.585855322,357.653460554,556.709522301,637.615996005
0.862012640511,0.93276799168,0.0526693408315,0.622934511468,0.22909134812,0.492596355848,0.548196521106,0.999899882973,0.154888472217,0.159843029736,0.653412416318,0.822369511596,0.555042734077,0.44918345806,18.3976973079,27.3416462184,2.73270849811,311.95816576,1424.58001347
0.456509113481,0.610239341543,0.871359083425,0.461507117725,0.78368009365,0.620652608863,0.0164811883989,0.736703818876,0.871313429173,0.225870942145,0.0709833371091,0.801994328761,0.00225466000925,0.279619392719,57.3784028451,50.8277871787,374.166151166,543.876249208,579.467628844
0.983697718191,0.560550286534,0.246595083761,0.633899751966,0.500199309956,0.826719961676,0.977863541728,0.449945145369,0.0588214092065,0.450919499569,0.243056122441,0.424284401229,0.675027886479,0.497665979947,10.0950146676,15.5752803152,7.57203694179,24.2739098053,1229.09690677
0.883618785735,0.757029747361,0.708926079419,0.619481375315,0.835341731947,0.495051226427,0.916140555558,0.11458877415,0.197467628565,0.346573573484,0.0750215068598,0.00428811573508,0.807468219374,0.668507663302,13.7157959284,20.1468566243,49.5387710379,137.565047303,801.78587117
0.653040931073,0.569517534672,0.385271099761,0.964051199553,0.823021874105,0.301930512898,0.530179381318,0.474441670473,0.572537806451,0.109747374748,0.314645087019,0.946367813235,0.924039109461,0.307897897076,13.2002713771,233.515992834,161.797710314,354.436449617,749.577796914
0.582854487057,0.18946546787,0.606982375165,0.979599617899,0.518015268545,0.278448037445,0.984495207006,0.913181764888,0.847263378359,0.949139202848,0.947990398539,0.601912749037,0.319963848024,0.514345625283,11.0256161126,343.950541675,484.742951251,182.337820396,809.096357719
0.437355513833,0.14825901661,0.825988623652,0.137782766851,0.424851620916,0.54966018539,0.703150516621,0.423016266046,0.65691091226,0.802325675724,0.0947503330554,0.988994942276,0.820751210455,0.110132169584,155.868790734,34.2712568066,569.252756612,140.225892748,498.41629164
0.473464657852,0.362228292983,0.928175748102,0.491046083957,0.512890660858,0.193500251032,0.123392683413,0.661135452659,0.288436724086,0.876722331247,0.612090500269,0.615458034361,0.968025840029,0.685995745737,37.221241777,36.1886794134,458.187859051,294.904392686,503.52904676
0.876991998058,0.275571379105,0.447883543951,0.739799328098,0.788204981126,0.800177848866,0.0982209575153,0.247800657014,0.82560751869,0.980802199691,0.299743117404,0.302841630703,0.350923910159,0.896377994332,36.8977723126,85.1920347988,78.7599399348,56.258540687,685.452317933
0.25772006908,0.579771758181,0.387835973874,0.529435337691,0.235674567049,0.61484663238,0.0401128347188,0.624171099296,0.917794389981,0.696489932443,0.726931049041,0.965549787437,0.680888708618,0.771621439382,336.654258256,369.319596333,348.686476298,784.99633782,425.814198117
0.78373484014,0.698556519427,0.896351558168,0.320418603503,0.0666738531395,0.202770314186,0.0618600945312,0.94117567928,0.722604248599,0.290091083366,0.929211154105,0.593080886495,0.0939966284026,0.426557679149,21.121217549,11.6295796052,146.783098505,290.309590837,923.009341751
0.939574996612,0.174759320075,0.963549787886,0.7091062382,0.385265215165,0.494134093608,0.334546726377,0.419470225211,0.841621717925,0.651941508956,0.140052125821,0.199958549378,0.255420647342,0.327981807446,2.76215490608,5.61828120398,109.224019108,30.8102742447,1193.87842692
0.971248600705,0.701408491727,0.799315457144,0.551323779696,0.139951192245,0.663711065567,0.385789858796,0.4412081227,0.462201005259,0.543434267413,0.628457739914,0.466865807722,0.524156002007,0.516645761981,5.60519627138,6.59054271225,26.530371366,55.0683844489,1366.02590085
0.755623393381,0.639933329208,0.0890505350295,0.56447080122,0.77857559098,0.0875120772579,0.0829430280631,0.28995626318,0.252664178723,0.0947787198593,0.238148369033,0.174169184273,0.0233584591824,0.464128725298,128.658208073,157.763883803,28.6631742578,323.870407026,949.757384374
0.607136981058,0.956905833018,0.204993188916,0.264145949947,0.853784204084,0.365835185379,0.697393752387,0.307751887133,0.440096953587,0.746610841186,0.631838448345,0.274219312574,0.891163258237,0.419943236523,38.2638169526,16.854927631,13.948901474,650.14376687,918.377273119
0.522190781846,0.509595800319,0.234590400189,0.18304271429,0.96269303824,0.491832088063,0.502245057404,0.479102009817,0.0957369628112,0.43881076522,0.773706004027,0.209327126423,0.0677491579348,0.270457952847,388.387087515,114.852665922,156.388265319,447.447233238,668.512464581
0.438435440367,0.222231947547,0.376540235675,0.0385457768726,0.158515208591,0.342913383501,0.381968476707,0.398712516043,0.0558240514809,0.174665116319,0.311644913216,0.341483247383,0.0974051346883,0.81706380457,646.23920291,39.1760949575,434.865320303,283.879411182,683.184668583
0.891500337363,0.461870766347,0.661044121645,0.143911820145,0.699082547561,0.105703609601,0.420561069172,0.332023191615,0.505688248886,0.0864181593377,0.923652768468,0.162136055525,0.612941865304,0.937986813425,51.5480542178,11.855388715,89.7742192359,92.4082375109,809.243336665
0.390319052004,0.466986557549,0.953637073744,0.459758388587,0.315359869483,0.749544300964,0.70814021777,0.272256509503,0.770039201836,0.744450887596,0.962535349821,0.0145647462497,0.796294633957,0.542028039039,39.3041126954,34.6247344932,717.972324082,648.838606865,681.844196807
0.444635469215,0.689358193006,0.86602691332,0.199881183541,0.713953693306,0.906673279616,0.419562730439,0.877627180265,0.541747156368,0.71507170289,0.434389721097,0.535911196659,0.172809577141,0.906998093077,66.7017564666,21.6589520305,328.313627693,632.522359712,601.241631574
0.410238743609,0.869617404968,0.834391754741,0.499604501938,0.438148638967,0.148315122867,0.787788930465,0.637716713376,0.989848942525,0.839986981843,0.783104980051,0.0357472387854,0.882630300955,0.487774172482,34.696804071,34.653720267,184.237871304,917.847482176,704.399190942
0.323473949072,0.535140593509,0.218361403136,0.822586181474,0.890760118987,0.391860478186,0.240315683819,0.98883454799,0.485752538198,0.832638842332,0.733283063773,0.0563632931498,0.314144973545,0.443827120247,162.732253295,568.741789044,211.258063738,701.632429021,524.436120241
0.380798611062,0.696401171971,0.358665650259,0.788295426344,0.654460825719,0.872801143986,0.886369374659,0.183082829931,0.176863263184,0.766528664841,0.31609560472,0.388119919886,0.00466894485535,0.536685304071,101.413373895,293.636314247,196.235937846,711.18291098,545.486934871
0.410651347783,0.780507705574,0.169391119479,0.0677340454069,0.522190875353,0.302912648563,0.598342459105,0.628792699317,0.241392815878,0.852824125635,0.861288085884,0.768065357967,0.356996432594,0.784080666327,311.964508643,33.3177133912,85.5067343364,905.492856521,723.915043923
0.266004269521,0.710587149651,0.637794244049,0.284217111932,0.0633016860876,0.0301077283863,0.784866076499,0.0491246479697,0.0676072135657,0.605051216361,0.453517433521,0.725491760373,0.00530750640125,0.0225438413722,238.693620549,114.258036688,413.815476176,1004.99936199,496.644905126
0.722821682193,0.0619333970789,0.46845787986,0.866024885844,0.593925832665,0.0738284933771,0.327065457688,0.143361529635,0.215623081026,0.891188130037,0.195475386214,0.349863017343,0.268321273578,0.686172894431,60.9684800984,285.419007167,264.28095192,38.4255069339,850.464262951
0.930030577708,0.3253988415,0.679916420849,0.18796182612,0.424458801217,0.15771510347,0.118952103143,0.744701574349,0.197793377956,0.181492339925,0.159385426725,0.304379943801,0.843898449176,0.679124439346,50.3368330386,15.3093964203,95.6737423863,61.2371341009,1134.42346585
0.886196995077,0.485310578852,0.143853847046,0.669589304628,0.855803818253,0.454870056031,0.00236087596669,0.577336301521,0.0207855864397,0.427157124809,0.508402883844,0.337355013893,0.756048579787,0.554857309364,81.2348604905,142.206627705,37.6501416774,160.464295555,1285.92240723
0.760874982934,0.921927869897,0.271939694977,0.805145345296,0.350524992484,0.616962159178,0.882199532464,0.150108523618,0.0312413412586,0.107585801515,0.235683162245,0.288216936252,0.953662575911,0.542939538678,16.4215479083,51.9657154999,24.8072622485,485.81876887,1241.30513335
