$0,$1,$2,$3,$4,$5,$6,$7,$8,$9,$10,$11,$12,$13,$14,$15,$<0,$<1,$<2
0.859341475875,0.0451685215951,0.148549048869,0.963289691754,0.396290484442,0.845148534252,0.950362316059,0.733656663154,0.0309173675314,0.811987926241,0.664064579107,0.747387952616,0.636361782761,0.259530707247,1.86791703619,0.0697220774925,4.51613932755e-83,8.94061478574e-135,7.66226428335e-07
0.709502563561,0.369229212035,0.000810412706661,0.188880949512,0.704131285918,0.368927334925,0.633299761507,0.939233696031,0.325222923279,0.464784103765,0.651623926578,0.585781049007,0.0750443467217,0.155523932962,1.63093114896,1.06505303318e-72,1.90186499908e-309,1.37455097836e-43,3.19118809001e-15
0.509066640521,0.159995805795,0.49776102508,0.0855147570605,0.783996784709,0.0697756283127,0.420810820981,0.571169703945,0.925452314939,0.353663502594,0.627242107284,0.165361628488,0.468822894735,0.639298687307,1.62805680904,4.09162722002e-107,1.28788844407e-30,6.58641714085e-80,1.21689545227e-29
0.0772891329943,0.41126634253,0.194553373234,0.871596172539,0.314694520234,0.931469400597,0.929202603063,0.290717964736,0.842520368885,0.767271019184,0.592273246369,0.612674791339,0.249935720324,0.853215843519,1.84577534672,3.11767013734e-06,2.32367418606e-71,7.49230775582e-39,1.879932571e-111
0.00206238794912,0.219405826906,0.866042344345,0.566598851734,0.228536750555,0.593833757381,0.604231575794,0.879574090963,0.899192844001,0.936333808576,0.950964690673,0.475125554512,0.681763830924,0.847142463671,1.94471377154,6.49448280622e-25,1.73335797654e-06,4.07184549573e-66,8.35625727693e-269
0.826371668356,0.0230359271319,0.243666341607,0.175011279926,0.378544944354,0.489107649859,0.927862335021,0.231953721314,0.0590917522606,0.706793973125,0.244069781179,0.555965451059,0.555839710065,0.00803423582145,1.82072958429,5.79387904081e-76,1.36747568648e-61,4.97662519974e-164,1.49247563791e-08
0.753794891956,0.888300049436,0.532044842247,0.0283466400721,0.670726454313,0.405959638018,0.674347418422,0.955253533795,0.14824172359,0.591023885258,0.671851396664,0.118515572328,0.316035317549,0.825525477979,1.72253625912,4.81334713711e-155,1.0644174611e-27,1.94203421639e-05,1.43749805247e-12
0.59850852415,0.265356843557,0.15297444769,0.0758752737694,0.935327987247,0.525631776279,0.248688009998,0.558136260402,0.143898997893,0.695495237861,0.332571017296,0.20907721929,0.408913073891,0.84566659003,1.66218204541,2.67193305326e-112,7.56289115694e-82,6.30707101459e-58,1.32994131777e-22
0.138216747758,0.397712013581,0.261819951908,0.722799783603,0.596193538135,0.525397511864,0.87144759187,0.656518897325,0.130730564869,0.370269884709,0.410426754938,0.930381147788,0.386311733777,0.395514947928,1.54265297423,1.93281151591e-14,1.52989629549e-58,2.19411354282e-40,2.75711637526e-86
0.0580409305842,0.187425951757,0.128865141673,0.928394240987,0.514677155748,0.459644315306,0.457647857201,0.0259348849484,0.916996833959,0.836145165299,0.0896232592347,0.78237467491,0.527581900301,0.567349159633,1.76869579812,0.00164822662216,2.86628099914e-89,5.33022692381e-73,6.56462476229e-124
0.0653924915701,0.487252130184,0.300640818191,0.0940833913859,0.40869885348,0.669107095725,0.272603546445,0.0826468548125,0.275458893662,0.22736465829,0.316812039673,0.392604929182,0.305552091408,0.778467242514,1.54802016641,5.46000293572e-103,1.5512827373e-52,1.44967662627e-31,8.68330384368e-119
0.688285221434,0.150498900969,0.0235429579501,0.0908742649031,0.615272372285,0.438420822702,0.421454573732,0.34302982697,0.881453138894,0.450467785692,0.0782888797349,0.560427723918,0.122489783746,0.626488496938,1.53585375353,1.68484836435e-104,3.70315963242e-163,1.36710725296e-82,1.44315908375e-16
0.269316660659,0.33138081007,0.573040301358,0.0316058661801,0.577472584279,0.898647522906,0.954750366528,0.393171061287,0.520905383479,0.588864619644,0.318837353349,0.976313701206,0.177908784981,0.75644604097,1.82066809174,2.71094279921e-150,1.88307367629e-24,3.08379985337e-48,3.03859448835e-57
0.360424600625,0.782720402409,0.104167331609,0.0003010815513,0.642788990728,0.382320515004,0.438987534491,0.972032660135,0.902937338228,0.797061731327,0.243553863879,0.948287017338,0.795148726882,0.134597987765,1.99873595317,0.0,1.86221245219e-98,7.20345307514e-11,1.50771026505e-44
0.646667210176,0.050050820394,0.461133250252,0.100766738679,0.110208389872,0.214390097959,0.693522481193,0.768367656825,0.431798635,0.605821667828,0.48212943482,0.411478270818,0.851810786503,0.656688685368,1.51530994426,5.10906740849e-100,5.74467135141e-34,2.07845870027e-130,2.7842316939e-19
0.745028822444,0.91056380837,0.264226441633,0.766999686866,0.612361750315,0.599188426902,0.521706205819,0.555161385418,0.424842364065,0.198115469875,0.740488056018,0.491835292271,0.363006635079,0.66284332845,1.22594667273,5.80911696252e-12,3.03542193069e-58,0.000164297110813,3.17613456601e-13
0.103242076797,0.463202359965,0.738248332191,0.612552657825,0.834070239797,0.092287197854,0.179315941023,0.373775624018,0.485886891699,0.51424486117,0.726228526154,0.518384701923,0.704073618803,0.344493973745,1.51435111823,1.23222301898e-21,1.57251178926e-13,8.983028972e-34,5.78122235946e-99
0.116777853403,0.243110334168,0.796856757536,0.644440596331,0.456488403521,0.777493306387,0.765684581597,0.576064314374,0.329098747859,0.273290333217,0.383518794481,0.369701107626,0.534733795535,0.432202053043,1.27222305269,1.65566406551e-19,2.74605435265e-10,7.60370337391e-62,1.08825813307e-93
0.789274837345,0.0011170457573,0.332733871326,0.189457964206,0.257033419959,0.576388060678,0.737129102512,0.643045273578,0.174468820295,0.178763194577,0.590091729012,0.283451180756,0.154216626468,0.0485501455912,1.72910671371,1.53189256546e-72,4.40192841452e-48,1.74195933737e-295,1.43472086532e-10
0.00746845463664,0.371217787205,0.203114580897,0.883353998498,0.678874963052,0.562679313043,0.846396706513,0.413907736857,0.726600118885,0.323700318668,0.931896827415,0.885082903191,0.156311474269,0.475404559912,1.69930714648,1.09614922736e-05,1.58672572904e-69,2.45058360185e-43,5.61650958701e-213
0.590072847247,0.322275573723,0.204706020376,0.767310628493,0.605902874282,0.90995106277,0.494447029507,0.359597232418,0.895991894051,0.418033028287,0.542137783027,0.808627164911,0.570363176797,0.139376876295,1.59457356356,7.86838911652e-12,3.24957059225e-69,1.66534208963e-49,3.08551384836e-23
0.00102130086061,0.216677031986,0.65149490783,0.813561323953,0.727220989794,0.347770346799,0.731181074166,0.0823216337051,0.65105774756,0.433097851121,0.635322980579,0.9665481956,0.496692293577,0.709373166931,1.60982508471,2.76648300841e-09,6.22301894785e-19,9.64242727555e-67,2.08098214765e-299
0.0434367381868,0.144602496653,0.711662347803,0.751611705399,0.148566023559,0.522155043216,0.375478587473,0.275160871135,0.257902457986,0.220402491092,0.352280047313,0.653332476026,0.965042166497,0.981716816066,1.82048822875,1.1367403049e-12,4.82732631385e-15,2.97774079786e-84,1.74593578693e-136
0.0107706131985,0.249987031179,0.0890378986918,0.902554952661,0.071050606523,0.64549824479,0.853820285614,0.365720829017,0.695393395878,0.0787043406472,0.483275283815,0.139810725108,0.189397776741,0.314526934094,1.82494564976,0.000101096281461,2.5993215995e-105,1.77467040287e-60,4.80189613586e-197
0.0224909828309,0.646628903514,0.00488449032672,0.0901816740648,0.687692646805,0.0694720094629,0.221928272388,0.539016171563,0.599270441815,0.461932291457,0.104479570916,0.979889177835,0.721849359711,0.436102085969,1.75076291334,8.93668626152e-105,2.09542731736e-231,3.19785324266e-19,4.36707468173e-165
0.8293574967,0.00628552883769,0.173259791541,0.119356700614,0.918121682414,0.771399992657,0.545436484133,0.839278551437,0.685778285589,0.154225011475,0.149927002593,0.167747025818,0.0191110824073,0.686324968811,2.01864630839,1.53412453277e-92,2.34941026934e-76,2.16452414203e-220,2.37332697888e-08
0.401207080564,0.085065503436,0.352423678864,0.259249919648,0.43557373996,0.317702634083,0.861340996092,0.845341089559,0.776386972129,0.1827645521,0.307176453588,0.890411576657,0.299155377208,0.619521529468,1.70846502171,6.31813664433e-59,1.36531859722e-45,2.53555846217e-107,5.82887658218e-40
0.291819812785,0.0428468383568,0.731370904655,0.424768743978,0.464696819074,0.237302900218,0.287601366892,0.62787588271,0.286933209934,0.668111985545,0.428163559864,0.612423686309,0.57636282542,0.339930603287,1.2546336505,1.2879293418e-37,5.10980981243e-14,3.0655959885e-137,6.39903166174e-54
0.116280153265,0.275493843129,0.0952532849891,0.0644271770382,0.382097988384,0.565369178512,0.7154392828,0.150489001742,0.53459729017,0.910870043198,0.108173029362,0.705563725538,0.66070981497,0.214940988849,1.65962830585,2.10397690389e-119,2.01431282265e-102,2.67497949611e-56,9.26169048246e-94
0.371002388501,0.161104228091,0.290087430796,0.945381041839,0.735205510544,0.571892042617,0.828686044814,0.526876022102,0.290894272995,0.836884647871,0.3246948136,0.470918988466,0.454611073656,0.204115258608,1.44762533572,0.00826931757309,4.07074880021e-54,1.16809180366e-79,1.96994317043e-43
0.144229743944,0.0837140768837,0.760903658757,0.640130411965,0.198942057432,0.29156653206,0.445005197856,0.827841977661,0.128305732989,0.284094790441,0.281680193846,0.665103571689,0.0107705316915,0.999518092656,1.99314339826,1.32588079915e-19,4.25231727562e-12,5.96358872874e-108,2.51849835857e-84
0.210855510279,0.22365535379,0.148690433482,0.395643948127,0.947157341553,0.589548846203,0.589950502616,0.284278347436,0.675434476101,0.975125512681,0.76447103875,0.490067390195,0.791816867659,0.974602648408,1.89956546167,1.60408303188e-40,5.04750663526e-83,2.70834512052e-65,7.46912334793e-68
0.57384838376,0.0360469847401,0.999559572095,0.509956979558,0.191789913088,0.248653469551,0.638174375163,0.374147046179,0.792269436783,0.625977555179,0.236466820794,0.73189282635,0.301800476967,0.614493546612,0.0994368426021,8.85158855873e-31,1.46664027292,1.12288072961e-144,1.75047389689e-24
0.808717344105,0.107577767925,0.822602826315,0.0149407449232,0.594797372036,0.222025259827,0.893885677836,0.082605129128,0.38412241367,0.436891810762,0.947110861761,0.433588750126,0.00696218799349,0.862191107187,2.01161842092,8.647500787e-183,1.04396325851e-08,4.69805817134e-97,1.90257247274e-09
0.913648748612,0.410914856136,0.455235397765,0.0606813801211,0.799083465808,0.80452538031,0.302449043881,0.89143257883,0.357821652277,0.153277616406,0.888678981829,0.706817183251,0.167154213411,0.616232925773,1.83300464116,5.81873276692e-122,1.918164538e-34,6.83073970183e-39,0.000344516335334
0.232206204231,0.16082489563,0.369019960355,0.0321045162783,0.342109012842,0.00068936767449,0.626730634563,0.67836603021,0.00975049828312,0.582580787372,0.489875324763,0.272496235357,0.000708598069766,0.53425064079,1.87160540864,1.33335945005e-149,1.49045872801e-43,1.2695856108e-79,1.13688385635e-63
0.355666735822,0.26636862564,0.112747372897,0.120129090913,0.766251992866,0.975950986098,0.972157685709,0.704704724436,0.882548844673,0.491957561781,0.605094652281,0.397514256223,0.964911845562,0.676029278883,1.97734221341,2.86431493629e-92,5.04481031428e-95,1.097763299e-57,3.94935915127e-45
0.185708231377,0.365697691202,0.0726984986326,0.174034941172,0.74013680711,0.574906588067,0.822889272717,0.570737568119,0.219801339481,0.419972920863,0.664772761471,0.205375622744,0.821983885141,0.443249382694,1.47830143325,2.6886108884e-76,3.2993399551e-114,4.76545883003e-44,1.77418240979e-73
0.240893502874,0.142414819682,0.386652082553,0.901585941332,0.0358890118942,0.373751607232,0.809432868467,0.617013731758,0.34701213161,0.491450329416,0.373915545215,0.626443305941,0.769880659011,0.232121832973,1.54073644413,7.66586796792e-05,1.305820857e-41,5.48740058576e-85,3.68431636551e-62
0.274344757479,0.813339913738,0.830330167339,0.0519297761878,0.350029804415,0.569297995149,0.605328447949,0.339595678325,0.941342841999,0.243054652208,0.570273386462,0.580864640485,0.166921976102,0.961874469035,1.66066775007,9.07920269928e-129,2.19525167506e-08,2.77722561555e-09,1.76225676345e-56
0.0100456128718,0.806628545078,0.058971353842,0.559258177936,0.178215305574,0.520531449111,0.684413797855,0.311322656943,0.780496348998,0.603530710202,0.712770773686,0.934759052629,0.875444508046,0.262260120826,1.6947369931,1.53623101667e-25,3.08554590873e-123,1.23760161636e-09,4.19629448863e-200
0.429805319003,0.215875904933,0.208471826641,0.616803907176,0.713359851817,0.646808995396,0.293552814006,0.523288219613,0.129909048996,0.38131611223,0.620938382021,0.430972617242,0.496778839563,0.310292585244,1.31668141741,2.13949952589e-21,1.66087809006e-68,5.44524837078e-67,4.39318162079e-37
0.0158681284199,0.281635502303,0.848656057027,0.89338351916,0.177148869553,0.410744601596,0.118470340731,0.193357874594,0.0397875714089,0.777898865717,0.337226768541,0.93389049268,0.95426234158,0.880897218779,2.20700996188,4.40268708435e-05,2.58878326233e-07,3.22599860933e-55,3.91286464011e-180
0.102497810317,0.901104153582,0.0109388787179,0.694068660696,0.227413505143,0.566643060867,0.199444557006,0.0904130944893,0.219978275504,0.37291733645,0.145290201408,0.833151317698,0.288356204461,0.193724498311,1.8068084906,3.91990473954e-16,2.24033375537e-196,8.52179641624e-05,3.34572896824e-99
0.973559749766,0.125291605319,0.710491387442,0.164973470326,0.588595144968,0.101904983864,0.956019472838,0.734775646167,0.972321188559,0.946538097448,0.574594220626,0.062703307022,0.326364020826,0.91710447043,2.23974120658,1.93967395407e-78,5.03731948345e-15,2.18029415921e-90,0.242249991718
0.73532912333,0.102629246694,0.768064023841,0.791014356506,0.813551217367,0.836538375175,0.309086114138,0.974585180376,0.134595972982,0.403899291846,0.728793992437,0.807159998416,0.201023524912,0.769360594585,1.92464311637,1.99024557484e-10,1.04764081294e-11,4.05120485225e-99,1.34476618182e-13
0.720909521029,0.203980238338,0.983554735456,0.688087876704,0.356364012029,0.710311447541,0.69490876379,0.359241107292,0.745608551269,0.748763561366,0.841478552235,0.334466066333,0.608159365479,0.0896997679058,1.49921838749,1.368911566e-16,0.462461962981,2.24146341271e-69,1.51285843963e-14
0.464437021034,0.152261344179,0.660467616342,0.963126877496,0.130237325833,0.90610708678,0.0580713196029,0.00983628222884,0.52912561543,0.989981306771,0.527052209708,0.175201120796,0.240228776817,0.667717685341,2.17850865175,0.0799510736792,3.30920964553e-18,6.21637762259e-82,1.68754171931e-33
0.85774592489,0.922408803483,0.831342460497,0.0552356563239,0.703347887029,0.423411111847,0.653619739028,0.126108715187,0.872926037194,0.763711685421,0.939791459068,0.0245619407519,0.803195475198,0.738608882013,1.98754695397,5.20462149933e-126,2.96779243536e-08,0.000970021210577,6.76555872524e-07
0.687648257854,0.415578937972,0.507992362934,0.796469029792,0.422674160214,0.396589866622,0.420463785709,0.422879714133,0.228097493367,0.37105248912,0.32798121657,0.791494716606,0.133064532842,0.427157455275,1.37401222778,2.82487863422e-10,8.3143594746e-30,1.58293602713e-38,1.1769152212e-16
0.900938720783,0.978502418316,0.714652367622,0.639997655106,0.0723888583818,0.556417912074,0.720500359205,0.320607530664,0.421721004983,0.420663028558,0.428442209626,0.173536774455,0.254129842099,0.697353370538,1.46660423687,9.55588884608e-20,5.91447904877e-15,0.265023748744,6.90137455956e-05
0.953795747923,0.14443266691,0.786656031519,0.770183131424,0.872534472209,0.722932741182,0.908961178232,0.783007100311,0.844539634198,0.862631195601,0.768142716642,0.505459061116,0.239573364613,0.745689018468,1.88596651832,1.35224100535e-11,1.12238419557e-10,2.74281742965e-84,0.0261348403639
0.250969184189,0.456354378436,0.973483612704,0.816721356245,0.358823087489,0.356774127553,0.169781751387,0.686757567691,0.671180202555,0.863956466211,0.849752932896,0.624998077106,0.385033198334,0.0959404520767,1.6510877238,4.18101018e-09,0.177179443368,2.22125533474e-34,2.39010076308e-60
0.104716090669,0.945296280884,0.912685251015,0.845480940887,0.264285234136,0.963903773701,0.726355165986,0.843741334051,0.353620029243,0.681611508775,0.519974113449,0.585119882199,0.27075780381,0.816052003992,1.65463143767,1.33414597995e-07,0.000279849407638,0.00936743564452,2.60717487258e-98
0.328452049417,0.562643014232,0.358919032295,0.954349100123,0.0444403472183,0.0918302643625,0.539795062582,0.655174338491,0.153013804047,0.399396273773,0.570982794484,0.310194894246,0.179233093942,0.55460691997,1.67707741781,0.0246281073372,8.32470067146e-45,2.77979593908e-25,1.16927702457e-48
0.252777935959,0.389119989064,0.938636674732,0.573732285188,0.144522205204,0.452263156803,0.679684027574,0.863250652515,0.492829091104,0.558506797956,0.679206713088,0.398381969785,0.892680331302,0.616065764176,1.50645962627,1.75794912437e-24,0.00420562371722,2.41231030131e-41,4.44626556584e-60
0.73116592544,0.169930950197,0.445649456055,0.937284161384,0.9748759019,0.613599954215,0.585230922013,0.445934278442,0.332995646432,0.979991396222,0.000146811743685,0.635664212596,0.653826971349,0.583896058864,1.80583567882,0.00436442235886,2.24976653379e-35,3.02028523459e-77,7.15144412637e-14
0.823308911509,0.742908888129,0.0802611517823,0.267625669478,0.0706314810829,0.140652094252,0.785354683986,0.221113897537,0.0945096434642,0.0238268429432,0.740265164849,0.497470535822,0.0684843815115,0.694891878552,2.14577862192,1.90757429839e-57,9.51138074089e-110,4.18080793989e-13,1.21335089814e-08
0.0849182810666,0.679858728776,0.581032298331,0.501807449928,0.259150220358,0.132322227161,0.306336775076,0.843244411939,0.966411718822,0.910982938898,0.246188607917,0.31290018797,0.771496448137,0.871569445731,2.04616533629,3.6372325128e-30,8.45450247314e-24,5.60955470097e-17,2.55375982532e-107
0.331261388662,0.911394225876,0.415155723799,0.476128900379,0.292887467449,0.0929110740999,0.356277715809,0.432793938477,0.194674171028,0.563455529446,0.179845758746,0.766672081155,0.171585739804,0.440623188432,1.61603446216,1.50322791165e-32,1.68140948015e-38,0.00023724538713,2.64029413207e-48
0.924464755492,0.391056461439,0.791533055509,0.144064019542,0.482809866208,0.275413863633,0.602734247002,0.744605300408,0.830976638547,0.418661440328,0.632071223552,0.810278642266,0.096080751304,0.410886833002,1.52208928537,1.71440251595e-84,1.68060494476e-10,4.00411572146e-41,0.000928102465555
0.512313332118,0.619599251446,0.319554807737,0.604284437783,0.355018709829,0.428965848892,0.279842423984,0.403353425771,0.377132442387,0.232823615124,0.296564882617,0.0140348534027,0.373331538592,0.234698935567,1.53433252566,3.20760117223e-22,6.86396345775e-50,3.91857180303e-21,2.16573418355e-29
0.0737375969778,0.464192689646,0.74773002351,0.930258486126,0.363649803273,0.758089576251,0.0965332345886,0.348589512472,0.0153859209146,0.448934068132,0.338769682787,0.402356421291,0.180707302782,0.66379456681,1.67267559255,0.00190500374404,6.2232005283e-13,1.22846148729e-33,1.54322735711e-113
0.709595081995,0.256706697754,0.182239498251,0.392645025774,0.695095685574,0.331740363772,0.371195755537,0.249609732708,0.604800704469,0.749247390519,0.929076904438,0.0319755737189,0.763910149565,0.00671001467898,1.93490433058,7.63465417544e-41,3.52395598751e-74,2.66992693477e-59,3.835650781e-15
0.800703900269,0.331107769483,0.0969972970582,0.64115134457,0.372298732863,0.656235590363,0.965237828992,0.0981597597142,0.320539957605,0.409599522631,0.377811426313,0.979382483865,0.296652225626,0.470533334747,1.74597335777,1.36211327824e-19,1.30053103737e-101,2.72329478091e-48,6.10030975492e-10
0.440503277444,0.198888026606,0.788165742796,0.817179688194,0.780384667897,0.426509352626,0.50217412846,0.394744784882,0.051555600863,0.129193172572,0.218547630464,0.230945392202,0.832085779912,0.895877754236,1.85230588659,4.96122486529e-09,1.33532825962e-10,2.11201232948e-70,7.22348848581e-36
0.122403323848,0.786359423268,0.807693252779,0.458469556986,0.25266650451,0.707414162863,0.701704449764,0.462945021144,0.300450520849,0.947919712651,0.691986133065,0.24200316105,0.112545453535,0.7617101327,1.7087385764,3.62949182026e-34,1.42377379248e-09,9.79275861419e-11,1.61479211376e-91
0.789508765814,0.277215353791,0.22361471616,0.217559520749,0.439395497792,0.086903130176,0.593235133051,0.00395953437829,0.603040833833,0.104505976831,0.754634952501,0.324559424809,0.771693388864,0.363257669064,1.784237916,1.60465615767e-66,2.49810542948e-65,5.36167735138e-56,1.52499447348e-10
0.32815115995,0.536165661559,0.372270439998,0.104845466397,0.0600140861013,0.806835937089,0.985884122307,0.28668701742,0.671077394506,0.683074330284,0.48054466129,0.99206754251,0.314218373273,0.174335656739,2.01518644478,3.59253250596e-98,3.85736174486e-43,2.69361020263e-27,1.28182720423e-48
0.740923739048,0.103899244621,0.933019766749,0.764185265299,0.155268521242,0.475710199069,0.203595383203,0.782584598426,0.788735025215,0.0577669137045,0.54829616332,0.849243335188,0.838171883652,0.953964410484,2.01082253271,6.59719885657e-12,0.00308019655568,1.4478819077e-98,2.99809300446e-13
0.281303291809,0.318204402928,0.395142356357,0.406591228838,0.427810992989,0.0945266521757,0.114196035646,0.010456978269,0.160110695474,0.591737220141,0.478950915856,0.467248301872,0.403034755233,0.134556887785,1.82652407909,2.36344685103e-39,1.35863817839e-40,5.35012265187e-50,2.37261192835e-55
0.28287178379,0.896362351492,0.0862361966426,0.579017184624,0.131216157241,0.872062344496,0.797190500594,0.571975242362,0.179083875403,0.927018097876,0.549636112792,0.543534429549,0.0250699577752,0.636173174231,1.90172682287,5.55153831465e-24,1.10720343661e-106,5.29210843768e-05,4.30755589887e-55
0.742626270441,0.158830903291,0.21986993232,0.273938041701,0.819270723412,0.685085193081,0.85472267864,0.996459137062,0.28449742997,0.751798432738,0.760891986292,0.492679566009,0.250234122775,0.384162309045,1.7622535668,1.61221499104e-56,4.55798139559e-66,3.4331189778e-80,3.30536261202e-13
0.731462886708,0.398762284809,0.422758077974,0.129110735412,0.464256680287,0.397795145813,0.870968458888,0.101055025635,0.620447575466,0.412390920529,0.097634438236,0.988172402118,0.0105076020271,0.361425958681,1.98969698851,3.90069780607e-89,1.2708617115e-37,3.68395564785e-40,8.20609194808e-14
0.357283099639,0.513752697046,0.237406569396,0.0832706257886,0.446920354728,0.306920402317,0.176454518532,0.117834607535,0.164151649868,0.479152246287,0.0670513851815,0.940321164,0.553168107562,0.13972898746,1.91800726936,3.37406131375e-108,1.06719396921e-62,3.58411227931e-29,6.02861397563e-45
0.563683022384,0.346581892884,0.428061903893,0.0912079318326,0.545976263002,0.862434074415,0.106437133649,0.307795601684,0.202599447172,0.269867370861,0.835719054767,0.583276457781,0.402026924358,0.992219527705,1.83823569054,2.90925560014e-104,4.08487665952e-37,2.76126446158e-46,3.6645151164e-25
0.158121179681,0.674098190863,0.835863522308,0.410793361978,0.24130706973,0.373148532127,0.584186746409,0.809399438597,0.193462449951,0.656754095633,0.221470795621,0.259858315146,0.581702922794,0.00672157701623,1.68961138071,6.11291593829e-39,4.33954278847e-08,1.97798439852e-17,2.10334872125e-80
0.386692819086,0.880112191077,0.0253960079522,0.804872298975,0.452257367875,0.231027290884,0.275185568444,0.181675912302,0.967819440591,0.833214359767,0.396161825942,0.935799072117,0.444102154723,0.481740895497,1.7605454308,1.03386820953e-09,8.28538230995e-160,7.86268342293e-06,1.50791839889e-41
0.23262914875,0.459485458021,0.518488065991,0.580343013233,0.576112920254,0.979307950795,0.431437488013,0.449102060647,0.125044606764,0.768249099154,0.799548181569,0.86446264602,0.510057103763,0.34597940657,1.70175545468,6.24443372741e-24,7.95964134731e-29,4.51018285631e-34,1.24002424826e-63
0.117516026909,0.310150491789,0.218141450708,0.727139170164,0.196284178912,0.332262844614,0.219313127659,0.906125749353,0.1085744391,0.461527607684,0.77231455929,0.761128228579,0.934643997185,0.305648517671,1.8878274665,4.30364262322e-14,2.21769530805e-66,4.25921527568e-51,3.03243972598e-93
0.802787655889,0.244829964034,0.635253995592,0.121377588698,0.182996750454,0.177021336462,0.724833709183,0.506285141267,0.781436710984,0.355896905447,0.00817061910652,0.53777139414,0.0967193754245,0.308870804607,1.79785675087,7.32361510104e-92,5.56692660942e-20,2.17436195167e-61,8.14598401372e-10
0.766234887646,0.303888221957,0.067469527192,0.370288501243,0.795101980201,0.802329777088,0.131763887915,0.496643365887,0.0159838774035,0.599042449419,0.692570820172,0.6278872481,0.697278577854,0.941544941644,1.84549802957,2.07136222587e-43,2.36047898196e-117,5.41527197059e-52,7.91453985565e-12
0.351293918446,0.371856863613,0.459806414726,0.312031712113,0.900659220968,0.801747667653,0.409496168646,0.623498458275,0.639648087398,0.475230487028,0.732234458892,0.870269184051,0.500806183949,0.944437209978,1.68369459215,6.95435090907e-51,4.78504220466e-34,2.88378839894e-43,9.75992173017e-46
0.855524012305,0.176866892684,0.476292086941,0.865352037136,0.273441607336,0.118919794137,0.512110737694,0.367787118031,0.58954017714,0.262033681929,0.515299310565,0.715054947516,0.121587769903,0.716993004136,1.51558763566,1.24733460132e-06,1.45894041861e-32,1.38469945605e-75,3.98035021546e-07
0.107145517595,0.694431283957,0.909663428322,0.616594885848,0.499814054036,0.251528049726,0.479636425974,0.876014929809,0.407432494091,0.631401532827,0.653007214683,0.950539911382,0.8998939432,0.927520179018,1.79846142873,2.82496345342e-21,0.000218320489487,4.11101209982e-16,2.80815919457e-97
0.515273736419,0.324650754387,0.319540844732,0.155869845344,0.239841654385,0.656781088177,0.989503468331,0.210404954177,0.786423302056,0.336201020649,0.766712098866,0.12906395603,0.064009343915,0.447812125402,1.92615034292,5.71505624299e-81,8.57922295861e-50,4.19229366518e-49,4.83738614396e-29
0.450689379035,0.314717250209,0.135886022541,0.363260456682,0.759020966329,0.0761160549294,0.661051684042,0.325368562953,0.425310947955,0.388215201221,0.367769418743,0.845757454753,0.165975094577,0.868764364753,1.70587047765,2.81759384158e-44,5.56601803264e-87,1.66004832833e-50,6.54332194772e-35
0.279272989423,0.537904034081,0.574697489755,0.356016218486,0.502966471943,0.944123631464,0.370863116185,0.106362111051,0.389091990252,0.87885833646,0.573341568151,0.983141791608,0.876493247012,0.625355534524,1.92098209959,4.23273896597e-45,2.65199811775e-24,3.54914162001e-27,1.20930704201e-55
0.0991966284799,0.71629887775,0.790651506653,0.636646388667,0.0252378727545,0.722832225488,0.197189312363,0.617560788352,0.809936299732,0.246832371651,0.552583886926,0.621670084881,0.74675605683,0.259282618727,1.67712457157,6.46417626676e-20,1.65651542584e-10,8.51358100054e-15,1.17591613188e-100
0.749259213846,0.568417311693,0.531912091091,0.256945782897,0.677007325638,0.549716848012,0.574395832656,0.398312315674,0.918350234764,0.621546910931,0.392209073427,0.722413162533,0.620982683956,0.94833105826,1.51619310019,2.29627458154e-59,9.13819975355e-28,6.97596068031e-25,6.91964193338e-13
0.67203551714,0.671299609188,0.0643775435541,0.484010678574,0.145818082145,0.831155570002,0.399704860726,0.883520931098,0.315163551369,0.733247921556,0.820934196342,0.220997579828,0.238161458127,0.0508565712181,1.93195571816,9.28135512437e-32,2.26755160438e-119,1.49195759613e-17,1.66471411274e-17
0.239229209982,0.268899629209,0.800514992805,0.511046596884,0.204806043389,0.363586849858,0.597256254211,0.697818298574,0.160102055623,0.548405686186,0.0521383405789,0.428209907892,0.976922474449,0.976100246637,1.93207297562,2.1290872775e-29,6.59311155584e-10,2.76161885785e-57,2.30974487077e-62
