$0,$1,$2,$3,$4,$5,$6,$7,$8,$9,$10,$11,$12,$13,$14,$15,$<0,$<1,$<2
0.510537302621,0.00300439306621,0.178023558631,0.27889881779,0.223916618492,0.289450380563,0.343543653624,0.708949299318,0.542896091276,0.785353532552,0.66846876394,0.34806120962,0.249102771819,0.819203387092,0.900665813479,0.421919826007,0.285610557618,0.00488350604132,1.06963643154
0.975300217312,0.407906981212,0.030947971885,0.852916458595,0.265526960652,0.542523655896,0.358372086416,0.575588978816,0.319113310794,0.224901801437,0.798763500317,0.442751588228,0.345203608382,0.241734311295,0.00977299330413,0.0415449821046,0.0020763883959,0.0318630637921,1.37312300222
0.34257174779,0.459137500138,0.706350588663,0.692227725479,0.719343649231,0.970981806469,0.279621180453,0.733207149965,0.47427462734,0.661800493576,0.419321431997,0.141267240947,0.320747810751,0.172300582788,0.223399126298,0.425521569708,0.966955452464,0.949379178297,0.858177442751
0.0668806444245,0.0756585516482,0.626466042939,0.00405534002817,0.34153458604,0.434928270461,0.0846455958747,0.519411039504,0.323583932141,0.0244860109852,0.50763547381,0.514082966612,0.369138729348,0.0991881228824,0.895237325473,0.00570284025964,1.3465470081,0.193080253137,0.171713701613
0.82150972743,0.971611017915,0.997641303656,0.403736534918,0.250205847823,0.429982745928,0.346360674187,0.847956289257,0.356357102587,0.387896702997,0.063763384841,0.932165030033,0.334693984242,0.843684233179,6.50799460792e-05,4.78694620907e-05,0.0218051498198,0.48865725428,1.69866872785
0.891713706293,0.751309492449,0.98841581957,0.289519772357,0.343044522993,0.838904445031,0.792997289027,0.353168505788,0.920011536827,0.842246945442,0.154825906542,0.253952667953,0.421619710689,0.599984867338,0.00182936874687,0.000894487980075,0.111896915846,0.271767559935,1.71120889666
0.177066485448,0.429569079895,0.184880784275,0.799532117888,0.0713164508877,0.0298926421527,0.602065649826,0.126969485458,0.151008858112,0.399710998299,0.804633804384,0.0704279141972,0.514284924627,0.374921810088,0.441026241666,1.35395251798,0.425566944911,1.1890221853,0.543463454168
0.691941920698,0.0563869457883,0.613105358128,0.919753699857,0.641300158865,0.144734483703,0.892385023769,0.736534514307,0.656672592371,0.288191673745,0.529778654071,0.512619072772,0.677721539789,0.553714373086,0.0486021709196,0.383532415197,0.555819165581,0.0601250974605,1.29327790369
0.0412125162499,0.46897956537,0.356620914802,0.0123980287976,0.255770151925,0.139114485564,0.966525338198,0.908175265575,0.639007114835,0.403890845471,0.337190155629,0.421117657273,0.406891596223,0.665422476969,1.04644579243,0.0203818763853,0.656453896413,1.1205800877,0.108129031818
0.0221063808628,0.03605418845,0.979779378434,0.46851297657,0.507323736182,0.0665319195885,0.278762309477,0.954036220408,0.363050943608,0.323291726588,0.958284957702,0.676949143479,0.148896783949,0.948211047474,0.0483476309388,0.04378696207,2.05295145611,0.116449613924,0.0714671998352
0.357527557705,0.722547202579,0.525837112013,0.979487977726,0.750130131546,0.280342335404,0.884075373434,0.0105602300881,0.565957188176,0.421951739887,0.833636282619,0.652269494486,0.572452651738,0.125790223535,0.0139514377534,0.432852855073,0.469738409438,1.37198243054,0.952242963819
0.843562633836,0.0844020672119,0.868966994862,0.214970436078,0.575970129043,0.104499653981,0.151748663483,0.390970902076,0.461086268344,0.387660994499,0.491753398411,0.643198286125,0.35032409775,0.205558142704,0.0669187518103,0.0234967021474,0.339702259878,0.0462797958668,1.39593233211
0.304320132512,0.824018696916,0.547761755088,0.414905082317,0.531745862758,0.747534996809,0.217211738662,0.0156858523083,0.516569471443,0.0612057777689,0.284975250773,0.599454611089,0.60046308386,0.624177092084,0.207461102155,0.158280365883,0.303362198078,1.41050509677,0.759625667183
0.943573114822,0.658981079521,0.489960869266,0.581503822901,0.158907854174,0.416448380018,0.540363801088,0.62977469878,0.183196180603,0.427665659627,0.79018425732,0.849711767414,0.519435782308,0.269360436051,0.0298887427763,0.0387208562841,0.0473957506389,0.114748493646,1.50155232388
0.91902242372,0.992458630169,0.427920962824,0.0319457280449,0.419599296505,0.578607828604,0.902459513362,0.184742633987,0.120213251696,0.626673102152,0.689003584893,0.474208532302,0.541866334262,0.893058173573,0.00191055529209,9.59526598924e-05,0.00152234229297,0.206371415668,1.61377965696
0.0820515731152,0.744200392729,0.882464181189,0.440108979539,0.787553662548,0.288219118977,0.787126480443,0.0174066188641,0.445435291188,0.463332226657,0.671982982681,0.485720335261,0.391869945853,0.00877002365893,0.0948925953003,0.0785293471623,0.659552679406,1.57898871107,0.222353818155
0.586567744662,0.362564857121,0.94193869925,0.816497113391,0.544725073532,0.541949574607,0.936750199214,0.00320818281969,0.680175984018,0.782492848249,0.547353801238,0.788711149656,0.55794009858,0.499845623576,0.0216572131981,0.0730420842637,0.833023691585,0.535598787212,1.3081716562
0.127819370148,0.559976818714,0.510776706619,0.402019845782,0.674072361289,0.931770020554,0.839722456389,0.201843220464,0.801930691208,0.675997807047,0.214506071799,0.280492587419,0.109332797313,0.887668533478,0.692359370178,0.506392543493,0.887329012652,1.49173098932,0.394031826962
0.515286442085,0.897841495135,0.650065725444,0.675952158332,0.440025661942,0.601751796869,0.188668480136,0.262121672723,0.668723341741,0.0785834179633,0.698765359323,0.300755536589,0.850007996586,0.812750165434,0.0469528358585,0.0841352436611,0.157265229908,1.13944848085,1.21108612945
0.937305652107,0.621581397033,0.979918891356,0.683492238177,0.450831820265,0.303169816059,0.952305247452,0.651756160875,0.0487664257461,0.0896129091924,0.56038505329,0.470834723793,0.250670041829,0.0986514735474,0.00154759280189,0.00285200877932,0.10283521913,0.152204651263,1.85948840025
0.410010850121,0.861650034993,0.258114940426,0.968004687067,0.690037219966,0.582896876178,0.311844903915,0.0643490190348,0.229705371352,0.1343910594,0.627953734121,0.737665990851,0.821348616006,0.601358809712,0.013223361464,0.262887391043,0.112981180412,1.29725528975,0.997503801187
0.855559801851,0.238400665293,0.890557267058,0.00184290298836,0.713823942386,0.611495408784,0.380470136755,0.631274421123,0.214734553575,0.588552605787,0.539749195356,0.335198441699,0.748661146828,0.70725212851,0.0470023430854,0.000136063949399,0.270711320565,0.107988079252,1.27878041133
0.889230173848,0.0680936097187,0.367435147815,0.494062551091,0.118135773997,0.437186330773,0.166988894678,0.16308596037,0.877431756972,0.593802226016,0.499081580444,0.288203398289,0.434800476519,0.633184415898,0.163917410475,0.160888017366,0.149551798213,0.02942818978,1.56823238159
0.708249864861,0.942107510866,0.529218678706,0.793059671724,0.58269906695,0.484252370786,0.794223211585,0.529351734785,0.254388048652,0.25247469388,0.86524486848,0.712785535495,0.522922529963,0.728571958765,0.0125169822044,0.0371406388062,0.0429666395927,0.637764387415,1.29819497624
0.394780537981,0.79993230231,0.379611842995,0.0132014375265,0.740797002377,0.560601909339,0.605093500368,0.914269344649,0.0367169544232,0.591796632856,0.146899695625,0.761822104316,0.364930648267,0.388635248332,0.35195726392,0.00729950300738,0.238927703589,1.30894832424,0.982842844267
0.89224106427,0.701548975569,0.992335077484,0.455721663953,0.214690793499,0.224728557986,0.657758495307,0.119606189329,0.208185202748,0.575074999648,0.680350665958,0.0232985609083,0.189992341035,0.952368821164,0.00136774032406,0.00118958521614,0.150547548217,0.297273511188,1.94979831295
0.740920685913,0.122487534504,0.407382904964,0.157167604405,0.410335630996,0.501851883815,0.461205568871,0.427457847745,0.302861678133,0.669425634664,0.293666602718,0.68529170764,0.329798826187,0.0879122176448,0.410405854521,0.103430204799,0.315064022903,0.102789597318,1.24715404543
0.796176287702,0.247138808386,3.95486556692e-06,0.382324792496,0.165007886699,0.820951149473,0.563257711989,0.226479635514,0.147908486523,0.158667636907,0.480766281606,0.508156269794,0.0271659905032,0.978291465311,0.47761233003,0.327141028996,3.59634510563e-06,0.236749085398,1.88630414563
0.926837835785,0.304556389575,0.991968541625,0.895065641749,0.210402909832,0.0898502254586,0.282688550652,0.76391202639,0.0531130933059,0.29318207706,0.353837339529,0.0563288239863,0.941908565621,0.831822569806,0.000449895320265,0.00270467839881,0.217322606599,0.112706795417,2.12095821175
0.426863471957,0.948406674429,0.896123024719,0.330522551131,0.77860896947,0.839967533214,0.278395618631,0.545257732323,0.684465023437,0.0485338222192,0.377507091435,0.34160328112,0.796355851199,0.948211081037,0.0162010613699,0.00925855518404,0.113342777366,1.41428007532,1.12535019155
0.447463062123,0.857859956151,0.632165579495,0.61745507219,0.659288484489,0.906875927676,0.511538129278,0.77230736359,0.212697180612,0.766851829253,0.607978133547,0.259704999064,0.407068753389,0.588856743371,0.0785094778864,0.114535611252,0.212969634752,1.11971255642,0.972780471477
0.0926790833204,0.00769874862421,0.978482318299,0.197289893397,0.0646571586553,0.677120466798,0.498322251103,0.989592599439,0.761393134124,0.481337593673,0.395119024929,0.288087911993,0.380540433002,0.645315390745,0.0516002982528,0.0165234329127,1.60239188319,0.0193900106731,0.235089679579
0.420968901247,0.560876498198,0.274779462083,0.714423372901,0.618708862445,0.745327323169,0.563564549279,0.442970087921,0.302885289827,0.395706263099,0.349488594109,0.487171677909,0.311934525148,0.98515972188,0.281890286052,0.58567514086,0.299373149165,0.867456303827,0.875024373158
0.666254555498,0.150828170687,0.688959261646,0.282830043399,0.855567561469,0.378982681191,0.680955385015,0.299528329794,0.534658303267,0.7414695409,0.543346296671,0.751465418156,0.388129627598,0.508596228584,0.278643248197,0.132635711455,0.580548005817,0.15875009526,1.16975203312
0.983693310063,0.615836755898,0.914818302845,0.671067395221,0.885266183661,0.476056080695,0.250050887165,0.197599472287,0.378777483872,0.704519868095,0.288637064089,0.859885460611,0.178080514543,0.565648436359,0.00157234913764,0.00276739254242,0.0236456819838,0.0346182069827,1.64104247147
0.402589602761,0.271408208385,0.811686913143,0.0971769974894,0.907811874168,0.294857639327,0.788478224157,0.429622351962,0.376346338385,0.390672465687,0.893759370013,0.197423116254,0.952521405884,0.170112374654,0.398654268038,0.0613297699509,1.3235599307,0.628431896193,1.11358416327
0.459807010339,0.501966557779,0.555992275372,0.039338802729,0.359628226744,0.660647149986,0.410723155001,0.286139359263,0.0678489876293,0.108042545646,0.219223383687,0.168569641289,0.932355784634,0.416981850282,0.617785483537,0.0382236343697,0.738684470641,0.969702085491,1.20456773882
0.957582430024,0.346122485735,0.983176309623,0.409952239084,0.780976061483,0.0317283374864,0.195601060942,0.233549926498,0.973026843287,0.0588083705173,0.699904899699,0.398887472297,0.921608250272,0.629927155925,0.0025587873601,0.00192089172536,0.121045517608,0.0731919805747,2.12038956873
0.580030831654,0.144462579316,0.0972839025468,0.613035981931,0.559749997394,0.0634061715944,0.821409965482,0.0786189663837,0.311456136808,0.457403124361,0.641098800341,0.472870937281,0.601489614071,0.318418448968,0.531318792915,0.763706149497,0.143286473973,0.217348404561,1.24559240531
0.994249716038,0.679831610229,0.249700555021,0.190538834418,0.363494347071,0.731390701929,0.313134713032,0.52636229588,0.646595732868,0.389596825812,0.921034044618,0.248021425732,0.0881151999414,0.689748298396,0.0061038889822,0.00188345819656,0.0026424226673,0.0125665235737,1.58781982545
0.991964061549,0.792830347454,0.682722802167,0.0905657391155,0.348702955706,0.773583723829,0.202519041542,0.202854202102,0.861559057255,0.568988096642,0.0279777260856,0.458086839507,0.138223446574,0.654348499579,0.00341661994873,0.000489355135108,0.00634233519952,0.0213998210239,1.78913863255
0.711663043174,0.740769171922,0.660688177755,0.997447240181,0.631019871745,0.554555235826,0.278132789748,0.337627384002,0.821455856928,0.477133326952,0.362936079823,0.169094073375,0.959833345854,0.335969351642,0.000553029823813,0.137916552488,0.23378243583,0.629328142919,1.40831037911
0.945406609612,0.699639733641,0.469834302871,0.0866419742931,0.491306014977,0.467631413485,0.924945146286,0.238864181355,0.729565913067,0.310477892342,0.191622957911,0.687714233278,0.679734737152,0.372530394828,0.0432951726856,0.005928990158,0.0397424765071,0.11576648266,1.51182284194
0.850959053579,0.0144857047684,0.0438707720921,0.557472223121,0.0378612671712,0.847674759808,0.791325879365,0.805922779211,0.977847599871,0.720763795602,0.34937959713,0.679872830445,0.761350642482,0.193009048961,0.29749681194,0.356718480956,0.0320598312889,0.0105960581868,1.95280719963
0.205698086564,0.733112127608,0.416664812754,0.059350021393,0.30110602555,0.188805128886,0.566276601097,0.383962813477,0.428417157272,0.0133546170613,0.931459764932,0.685814156962,0.819186443692,0.0562069145332,0.584098911346,0.0546119767484,0.450146905837,1.65927991683,0.608274499887
0.607959498842,0.33317823524,0.376549686825,0.54677611366,0.130533531336,0.874562529228,0.332869148212,0.630554643687,0.425552294412,0.399787808988,0.338497528206,0.364449060488,0.815990458219,0.399894371121,0.40472617655,0.469042787758,0.416134609277,0.430637492295,1.21767269312
0.315475886642,0.409358389053,0.583477125016,0.582406253833,0.357982413923,0.611862986154,0.571948788557,0.913021396794,0.771150941465,0.68301565434,0.414264496923,0.107341416623,0.568180390639,0.737045423198,0.401868858935,0.52214952073,0.859086505797,0.811184562683,0.731261607641
0.359491824155,0.665520989356,0.795461344945,0.532679821258,0.243455945935,0.641055908527,0.858271553811,0.574182699104,0.787818996283,0.135451531022,0.570745768043,0.326817265452,0.206464705223,0.454976992871,0.139688500786,0.15481989463,0.626535381517,1.13897728308,0.834033166507
0.378624698925,0.180264976628,0.368148764268,0.0171579117183,0.189162477768,0.686686943731,0.570806825727,0.575079999887,0.543238471432,0.208678602836,0.4565299618,0.348129897016,0.939588811738,0.427165851909,0.966906352768,0.026065970107,0.631350823964,0.336100832632,0.813749166117
0.528005158803,0.927461651764,0.07626949203,0.376056581841,0.182183695294,0.0275991109856,0.884070939173,0.420889281916,0.273953558165,0.0804742697742,0.641161891445,0.591260804729,0.360608102587,0.948086237133,0.123684552162,0.0829406297942,0.0179269778307,1.31069913969,1.44074567667
0.830376491198,0.698989010741,0.970664276024,0.0706305039016,0.506623558921,0.450592747076,0.389002390171,0.0933941853077,0.498035055129,0.682666434192,0.403086581687,0.469586888243,0.0186759443875,0.990548061335,0.00931101556061,0.00103728067428,0.203166076802,0.397597399636,1.63628111022
0.286267671467,0.253182069485,0.958373597561,0.392189077897,0.678632155906,0.830394940109,0.638647049916,0.562018859838,0.899993925992,0.0930078497947,0.562962282819,0.99516275009,0.0340557738053,0.193261310335,0.0907769537397,0.0642665707983,1.6985874566,0.715073629535,0.89111916806
0.940235204955,0.8883051325,0.933161628923,0.718803412729,0.919095754948,0.0931553747059,0.538000661264,0.80803358792,0.00429390478919,0.083884588625,0.293937356484,0.958710253352,0.553951317426,0.098258675424,0.00166654698986,0.00352438258461,0.0369961869126,0.209852097716,2.26354164402
0.976354345823,0.903699976268,0.250534631236,0.474951467676,0.785049130919,0.948655977837,0.078342569239,0.84463980884,0.799252118651,0.818119422544,0.248895997965,0.0987933467206,0.425391769413,0.382924508756,0.00764047379859,0.00706170122371,0.00431974269044,0.0739030194957,2.01177315011
0.981564127488,0.39707958737,0.503756492741,0.243930640905,0.109105908349,0.614824551738,0.118204395154,0.770167914781,0.629917909622,0.948359055938,0.193457642291,0.823034212809,0.320298919862,0.721958139047,0.028845352233,0.011627206842,0.0314697957272,0.031836585138,1.88173386518
0.357196558301,0.197765302623,0.288125356189,0.403804297973,0.376552191524,0.123077401085,0.429087956071,0.910823811482,0.0878888783338,0.626002382916,0.148406811424,0.669348980877,0.704667844169,0.978451448737,1.13286308267,0.833461673248,0.683873472276,0.502073071087,1.03224272584
0.470663810781,0.761173352988,0.671592271633,0.662009470302,0.649248499087,0.684753079403,0.556696961641,0.175953277221,0.670602067358,0.952854710409,0.755985352016,0.0730396295842,0.407098189225,0.582359174641,0.112392817757,0.191422322733,0.391442175931,1.14272376832,1.11986133335
0.739896725646,0.37835978546,0.342732621224,0.71332598171,0.21878347033,0.316061268264,0.277418372022,0.655717267957,0.215866326482,0.632438652352,0.303199187151,0.135553380054,0.360494913468,0.91125728096,0.202355693651,0.418580521521,0.277657797993,0.365985230304,1.50971479589
0.48746095312,0.473003512875,0.0805463658459,0.242234278623,0.645098277073,0.910369694938,0.993839113193,0.324752368731,0.0415212855442,0.139599548587,0.819940211839,0.271416558943,0.569873142426,0.412041284263,0.963981907402,0.385586431588,0.132065318351,0.961401181636,1.36624303997
0.50869530805,0.219573562024,0.951925992969,0.750013172654,0.532122522001,0.765945401791,0.337701192095,0.882844744708,0.953583271186,0.0826150313767,0.894919896128,0.291050650182,0.104933083469,0.769128675666,0.0388938980514,0.0939036717931,1.34340417685,0.484018381584,1.47120120964
0.606755903879,0.186158965657,0.433717147447,0.230239508756,0.186863447536,0.360610535579,0.407687812941,0.764382993394,0.00256446314176,0.820562490499,0.570394618583,0.926642991114,0.369644695977,0.41908426841,0.70776776042,0.267747489725,0.613534869051,0.293278208108,1.43201710663
0.69541157402,0.206753269062,0.97569087038,0.52889281577,0.659506577469,0.158984361293,0.985332313033,0.745043283535,0.224738768054,0.664501854303,0.438860778206,0.254312413277,0.79826791694,0.104218382057,0.0207775157601,0.0227545650568,0.806568804999,0.271760644958,1.64214560187
0.359043579255,0.157273428481,0.838135146247,0.121423842218,0.362632572078,0.0151593285345,0.853066524003,0.388063370578,0.133070127936,0.836376358098,0.320657899003,0.154237083025,0.71430114919,0.9558923839,0.413746077011,0.0798857404541,1.62146299666,0.422510149669,1.09284503922
0.564043667733,0.10614710419,0.395070735527,0.26292583972,0.309858998646,0.525702238175,0.568708983677,0.132079146294,0.963074207269,0.352136589854,0.706893363707,0.831068164971,0.625515753203,0.116408728226,0.803373243003,0.35204305027,0.626947824812,0.18145039278,1.33881101486
0.619251926837,0.333511999727,0.666370571672,0.711318893735,0.44813401639,0.205893852267,0.410455127705,0.405620797631,0.44328254934,0.210500367868,0.615121894214,0.129607997826,0.22196230725,0.863720048083,0.165998476306,0.340629437657,0.655612394628,0.437475779043,1.28357962575
0.616140540679,0.567771508948,0.425555872668,0.176012624782,0.523725973103,0.695964392715,0.790099989837,0.177990703646,0.89258816619,0.420237560609,0.63496529957,0.612462329181,0.962968173695,0.645370863426,0.444590316389,0.126151207146,0.364977661759,0.729796189179,1.36203028287
0.803937331818,0.0642815666231,0.355651414406,0.451462449629,0.0014144734275,0.838640402347,0.70877352095,0.685065047872,0.637898336238,0.659963732993,0.518525796339,0.876380213947,0.833861709179,0.283818061325,0.346609186293,0.297411971325,0.285485038525,0.0545701095484,1.70188033148
0.753169382716,0.547500947118,0.0164688308095,0.625803973008,0.884819620175,0.981526338173,0.95771045863,0.32647000703,0.668203428093,0.581956327094,0.262696569751,0.457638023187,0.405956699776,0.184900044031,0.248973251143,0.373635407985,0.0116175677495,0.521713491171,1.68566097273
0.777508544056,0.116061653943,0.170119265873,0.0552747332958,0.467971094969,0.466572884306,0.69989723473,0.896942547129,0.102016765565,0.289294305675,0.509933794058,0.817606287057,0.100049362526,0.222827644977,0.563075906439,0.0490124859975,0.154736410242,0.108033383571,1.63501112494
0.628582331466,0.810062376207,0.705731543973,0.900133341278,0.616842713897,0.730247437138,0.393814214525,0.8366913347,0.519436001957,0.305411057623,0.00602929540499,0.572158407962,0.682282538847,0.886019143934,0.0187387559289,0.118472444758,0.24073957555,0.874590706848,1.38623916553
0.729999494121,0.162017557152,0.231162276463,0.0248712569181,0.809884394033,0.322739253175,0.531139317037,0.139475537477,0.803886675681,0.0702650883647,0.798016384364,0.640774329044,0.287752173454,0.804345134307,0.662815934369,0.0259078624225,0.252033426533,0.184590596236,1.62386735959
0.928286617822,0.691108008874,0.453957483381,0.972809060331,0.963274818014,0.733672043666,0.837961082779,0.801184694896,0.0321758715676,0.076584011025,0.791793159673,0.589428674087,0.220035395978,0.140014293967,0.00367984578419,0.0861036026727,0.0745380532585,0.216111955554,2.15963222163
0.939510061426,0.703829631524,0.62291251187,0.939908999208,0.859175117301,0.383806215883,0.00938279665997,0.970643652976,0.0840161665455,0.313188123527,0.528142843584,0.547859942542,0.738507577365,0.841918433734,0.00445583477994,0.0470659987432,0.0702544185741,0.168695449608,1.98056203729
0.933902721492,0.318429449924,0.228031243953,0.00505215412899,0.0822066221975,0.735064481165,0.870863876957,0.333090901358,0.203574957312,0.816833558859,0.354803603023,0.256482988368,0.0314419062593,0.994638986066,0.181241705254,0.00143834717695,0.0678478931123,0.105773261816,2.11659393588
0.735412012802,0.0600720050625,0.908287036456,0.781580198703,0.211215542687,0.770053212051,0.772162528644,0.96158755516,0.209711412361,0.712317138401,0.35317683633,0.655779027303,0.336299485742,0.800546514663,0.0336955082701,0.0943268500496,0.690469445536,0.0660313961967,1.58798963217
0.866167330666,0.401637574764,0.0979673446852,0.427868730891,0.592228757313,0.583565585425,0.558787841213,0.839849406395,0.391477122206,0.436029628236,0.347768528582,0.964638394968,0.808382448349,0.077625744111,0.216677702079,0.172403775542,0.0429504473441,0.204687003565,1.62626591522
0.647120764586,0.724108520816,0.842093405736,0.541713096396,0.388893109142,0.448164777323,0.132333355477,0.761917304832,0.182601586234,0.491935666543,0.0398481917096,0.930441059071,0.554320425304,0.636876065333,0.0621895559802,0.07092403139,0.372463434974,0.830382206476,1.47804087235
0.808484503705,0.322385001853,0.645771379451,0.0273457159919,0.232819170533,0.312823257213,0.670572341729,0.0533877752402,0.599411037941,0.379170270178,0.711729516535,0.196995937392,0.688262510984,0.951891566841,0.23733135877,0.0102007363145,0.381929351669,0.249466385327,1.65779816238
0.753241406561,0.978206288111,0.799740830344,0.0933740239042,0.989166875036,0.630354272483,0.91657528037,0.506538412667,0.443578840718,0.873288466721,0.56821147237,0.998865657435,0.80965988661,0.978775753303,0.00851746715367,0.00125830640593,0.0264619237474,0.812553174502,1.99144601262
0.676773817535,0.836580969773,0.739654996108,0.739175623109,0.357425597361,0.676775954227,0.117804480767,0.501829879517,0.220936762814,0.707081439475,0.12467962341,0.900900594599,0.86415672757,0.653095569102,0.0347253729031,0.0799613585173,0.201152901134,0.835200185438,1.55200678685
0.867419236675,0.737260551142,0.383493859969,0.137508390306,0.190213245449,0.461293654419,0.878633397225,0.44412088079,0.758004062274,0.274770107395,0.90364610586,0.918351968991,0.555741547948,0.376738045954,0.114631856293,0.0251526012872,0.0807021285979,0.325285899703,1.68038507232
0.875269906337,0.615677492361,0.168458616931,0.00541920650666,0.275145027724,0.781733087129,0.620804796914,0.032177424349,0.979483011871,0.405554517446,0.522473965696,0.226807863785,0.681426051037,0.726154550578,0.187878114474,0.00159934538287,0.0509108689461,0.282291936154,1.72770982435
0.846324068319,0.162980994871,0.478797237305,0.5054097477,0.903985296307,0.319100102508,0.305201906344,0.00420977515225,0.524617805625,0.526262024215,0.499811654742,0.729620279408,0.433048237166,0.677855655391,0.185866037525,0.189052022347,0.248020214726,0.0950280608732,1.52430384213
0.980080755694,0.861085517131,0.396027640681,0.496077319447,0.350362177276,0.184509133684,0.276526570214,0.548809024813,0.982797348186,0.195104851183,0.583889116036,0.431531745467,0.035725190913,0.292696663132,0.00693273765887,0.0068478244509,0.00698732234158,0.0540765156549,1.76968742708
0.903041122994,0.578777469156,0.809016637933,0.715101183026,0.52464987211,0.764641298779,0.944890870361,0.823106278358,0.433347334112,0.324247908211,0.205954593055,0.54091290991,0.784839552966,0.263131424232,0.0194741582996,0.0405713669544,0.145484855314,0.195549769133,1.61476556243
0.818442051619,0.868605732221,0.954217686305,0.754615732186,0.289901391196,0.33579391353,0.814193106702,0.816902643476,0.778938612055,0.690009018113,0.385925682428,0.453568190462,0.0965576608651,0.132964394459,0.00264286962201,0.00651363009688,0.0975774839954,0.467249166417,1.62827212131
0.676650532251,0.842735615256,0.970709991143,0.407455792603,0.666943287352,0.874106995124,0.883033047996,0.955335568351,0.243993872401,0.49009135083,0.713220979547,0.0961034345444,0.470536497206,0.657781117544,0.00799280264781,0.00595136532396,0.216439550074,0.859179823737,1.59187416532
0.944361279548,0.127975060257,0.970999674225,0.134250949649,0.332905308874,0.636065287207,0.296083534649,0.273445666543,0.0299023350445,0.0123499571121,0.478841316692,0.188438587751,0.211533903632,0.727424756246,0.00697178367081,0.00149240465852,0.156404676014,0.0319044659881,1.82360367257
0.974915912109,0.669824112931,0.201249718483,0.0927630064381,0.995640318504,0.336190430852,0.181610378196,0.92313805713,0.509452759556,0.887353828334,0.533518580332,0.623007599104,0.197593736638,0.5483506387,0.0332922509837,0.00488570012627,0.0110062436876,0.0620284636679,1.81167746658
0.690642017547,0.884161028042,0.969062942574,0.389095287848,0.581637617149,0.8057230017,0.952621794802,0.757010982389,0.214141218602,0.755675574649,0.583677820422,0.536464216893,0.882852686685,0.0230986789221,0.00638976823141,0.00447725191698,0.16042729942,0.872943786982,1.68047514475
0.809544483224,0.96462395349,0.526558399956,0.268290707133,0.405203872426,0.0144087808038,0.234462962475,0.648071569425,0.568203735873,0.0812835932879,0.484743800263,0.218724276339,0.611997017973,0.836274161874,0.0174149180784,0.00780691434567,0.0207474155707,0.506781000608,1.64567325102
0.811296583836,0.2422101078,0.396511040112,0.988915568086,0.524302419083,0.943407011171,0.753478684762,0.781576864883,0.469892130394,0.221031203733,0.3943806989,0.0253342074138,0.381928323399,0.711417313649,0.00657571659157,0.377629471327,0.271255461941,0.185977233586,1.63979616489
