$0,$1,$2,$3,$4,$5,$6,$7,$8,$9,$10,$11,$12,$13,$14,$15,$<0,$<1,$<2
0.549282501404,0.273778363195,0.35592554443,0.0329790610873,0.87986813231,0.552048658314,0.257043797132,0.580296161441,0.111763153616,0.494157548451,0.0880717553309,0.0676690752315,0.90454209312,0.715625068931,1.92998941669,2.02070780132e-148,4.14563064508e-45,1.66566275435e-56,2.89235228651e-26
0.167993468213,0.104176355326,0.397727085402,0.617470089703,0.0230880761269,0.663213088945,0.512997641562,0.170750932415,0.544610182378,0.638568218891,0.0442155065292,0.761108517803,0.868291442114,0.308712474791,1.83199526858,3.31616967205e-21,2.61553773409e-40,1.72171060666e-98,9.73383188636e-78
0.255203788153,0.856434463443,0.48669234717,0.375623409026,0.953131723989,0.569602243315,0.867646283877,0.585304997978,0.326011787816,0.525996726207,0.438141181436,0.68898959667,0.361935598323,0.306445969924,1.47962981469,6.94285248761e-43,1.23516418077e-31,4.32201704812e-07,1.13497059945e-59
0.043001137605,0.00316826658856,0.663642948924,0.317879107694,0.63020374532,0.173658822781,0.337340185256,0.445983281216,0.0225391565894,0.569751899725,0.470314541853,0.261504710166,0.90450331335,0.312373941325,1.64224948309,4.34267707854e-50,4.02723949136e-18,3.11695660212e-250,5.74848655697e-137
0.701905786616,0.0687419719496,0.355715735575,0.882552304288,0.216822490016,0.550148034248,0.182146040122,0.582633256673,0.934337330952,0.114798971521,0.601424907472,0.69620026327,0.42133335224,0.289870916093,1.62671670033,9.58246236497e-06,3.29412082637e-45,1.347815444e-116,1.08471109872e-15
0.517856770594,0.896363834707,0.647442010541,0.121958119544,0.0524611948404,0.55949324977,0.7154545292,0.634948623749,0.52717476141,0.730182557307,0.268718126489,0.33768623891,0.637843124938,0.796465160925,1.50891407165,9.90504213447e-92,3.12515806754e-19,4.19968748399e-05,6.24813285911e-29
0.325797214017,0.556590247892,0.407292464215,0.165601044443,0.871885104075,0.366330429734,0.321321319773,0.092890025973,0.576007810705,0.154340469702,0.335799333426,0.583061422997,0.620730527768,0.917400286995,1.70174830335,2.15438024395e-78,2.61609000361e-39,9.56256665491e-26,5.26928664885e-49
0.934784542398,0.53363268951,0.357970589198,0.161036787263,0.420660159484,0.82826136641,0.966528442966,0.837862555459,0.255163116182,0.502769880535,0.209549192271,0.45400622362,0.876958670981,0.691936060696,1.77121435917,1.37056856358e-79,6.74723220135e-45,1.47446203376e-27,0.00327750773608
0.60716585704,0.854841958908,0.128928629623,0.247916459991,0.800971507672,0.378609681642,0.564254296989,0.494298760458,0.600398891792,0.0177852380885,0.895199926556,0.634995275142,0.780681336104,0.596097945265,1.6145151245,6.8343653504e-61,2.74851843268e-89,3.91512001437e-07,5.43120467595e-22
0.0290465687877,0.649941678026,0.602848139216,0.457998539566,0.96459556075,0.889087709004,0.139165302032,0.484114900024,0.669032497872,0.676444500347,0.648337731827,0.281723133055,0.742762870929,0.68837865372,1.72146614507,3.29934460891e-34,2.83668319889e-22,5.24151818661e-19,5.51444876599e-154
0.572400166522,0.334206525277,0.86176943376,0.0521043672972,0.121870533413,0.0644833484182,0.537277882633,0.291632176055,0.622503469193,0.982213837751,0.3783864304,0.331838638631,0.475244945002,0.888729764731,1.81979246968,1.39172812465e-128,9.89123082947e-07,7.20500440895e-48,1.68312698846e-24
0.0804667293208,0.632649623748,0.0906348099998,0.645992181366,0.0358646239902,0.519985142162,0.644278240631,0.670283998665,0.119121764828,0.61020502552,0.109061519958,0.61265390119,0.915783922272,0.070536600042,1.94568616032,3.22046682757e-19,1.63944002274e-104,3.99501188668e-20,1.1138522504e-109
0.0825958356714,0.823003459589,0.171032668574,0.130564750735,0.245523661708,0.34957374432,0.868888903391,0.42178039005,0.845496758247,0.723798232014,0.108113206957,0.856147338377,0.215379492783,0.441450946188,1.76389026421,1.05970707974e-88,5.62987348102e-77,9.61075535838e-09,1.37532898338e-108
0.208047507347,0.813516722524,0.993421937236,0.579845765673,0.241122322932,0.0650025828026,0.588796233455,0.83040603665,0.634970022726,0.164740703185,0.196566651163,0.143933935434,0.352627995093,0.158137692379,1.28085597037,4.31389113594e-24,1.35057026573,3.18124342729e-09,1.9151381924e-68
0.219953581775,0.600468910036,0.938635016656,0.000139602363128,0.306970099628,0.612503811117,0.865447121437,0.357708179859,0.461373349811,0.448020904264,0.970006963625,0.827774091123,0.56515722576,0.867727899096,1.67571519988,0.0,0.00467731272624,1.85940673903e-22,4.50220877468e-66
0.44771397629,0.524996672674,0.988990101703,0.216890530971,0.395846958341,0.310388217502,0.734111153323,0.966339843288,0.879366808755,0.511806503953,0.466090111773,0.833122839612,0.355352326525,0.131689627474,1.50362939504,9.93847798092e-67,0.859275854612,2.82021205606e-28,3.42524678639e-35
0.979789787425,0.674321730492,0.287802994588,0.059418878184,0.0811714675683,0.398663073159,0.0571557916169,0.925365559896,0.774589360106,0.456152725175,0.172703131162,0.888658312469,0.612618658535,0.916374551322,2.04110842883,7.91463276789e-123,2.6032555243e-54,2.4700257904e-17,0.422040679798
0.24509929522,0.208819255955,0.95887382266,0.126403259526,0.844319791947,0.13144398521,0.319090714596,0.506621486107,0.148862912528,0.0948063596841,0.565205831161,0.0588273668552,0.51086670487,0.386431645905,1.78604574252,4.20571429633e-90,0.0420958327083,2.6618737163e-68,2.41178890707e-61
0.163394039041,0.33600974748,0.725338528703,0.250324475489,0.164220552836,0.492124245883,0.0751925552293,0.988498708343,0.796677451705,0.136439883535,0.385903833428,0.270633250278,0.074649658384,0.861509544001,2.12933479108,2.36971060516e-60,3.78824911296e-14,1.4439476611e-47,7.04668207381e-79
0.00930792657954,0.260259123837,0.865677740288,0.386658049151,0.85819994322,0.741392820441,0.101904639622,0.514767011336,0.354725957063,0.771746504776,0.280321659908,0.361290952325,0.303746356368,0.406361883089,1.55500874666,1.31995235448e-41,1.32885547726e-06,8.48103886e-59,1.87563188401e-203
0.791555542781,0.856571326602,0.0286933201366,0.488481241446,0.44192991366,0.305103704167,0.230629013738,0.334513794101,0.875630466879,0.488154604235,0.356791775997,0.846952240427,0.79399344691,0.944000512733,1.70699472938,2.05655877641e-31,1.60854214134e-154,5.06646799316e-07,1.89012920024e-10
0.905732529595,0.444436608705,0.00559097289188,0.945621487876,0.995411591264,0.0242730640149,0.53712362661,0.55409455092,0.330070834244,0.549148345435,0.521454675529,0.468582372805,0.850368280287,0.728202003881,1.68359717778,0.00986498143757,1.48287375172e-225,1.59715852655e-35,0.000132544619675
0.50321804211,0.0583813670478,0.298503939046,0.22507029008,0.403707820671,0.556880918175,0.467682885195,0.458398034182,0.144026615089,0.939335091064,0.863007473395,0.755401020886,0.257291502157,0.267976200686,1.64476168071,4.40595364647e-65,8.076617208e-53,1.09559204389e-123,3.87117874129e-30
0.118383503674,0.638160456724,0.391163187256,0.00432151757042,0.57623990359,0.583875673568,0.785958184661,0.55304175989,0.837482562213,0.651319452135,0.429157232123,0.972737209489,0.0536707314134,0.1012713122,1.82091876904,1.04722200364e-236,4.92275323375e-41,8.90019323206e-20,6.10280324461e-93
0.86701131885,0.127617889599,0.455979776612,0.460542973597,0.210965539016,0.340558930866,0.323104696259,0.299168025348,0.177440364937,0.795114501058,0.422592809429,0.557956730248,0.606056814553,0.723841389167,1.44242896275,4.81094494054e-34,1.77734795563e-34,8.83832888889e-90,1.43777535387e-06
0.316059020525,0.0683873177367,0.0163902313662,0.121648454348,0.592415887373,0.91919399819,0.429590228133,0.0552063786222,0.673604199147,0.36627061858,0.373516824848,0.0256951706834,0.806454668334,0.9016253236,1.93126560038,9.83153664534e-92,8.71907268131e-179,9.53935287163e-117,2.87594694528e-50
0.109341550828,0.454237494656,0.121180524928,0.326261529029,0.853872162956,0.0763211709351,0.732692959735,0.3913201972,0.492909211719,0.0170529725584,0.0863719944302,0.663294367698,0.374097203643,0.946542289628,2.01697938962,7.20125277646e-49,6.98400080817e-92,1.69480337997e-34,2.39521372644e-96
0.351935277685,0.980386418512,0.944940040525,0.597626095436,0.701885117323,0.725913894747,0.369640428714,0.761565224398,0.672483215235,0.667784014257,0.734798791407,0.783008479699,0.367202208345,0.160629869229,1.46796312352,1.01342193145e-22,0.00800321578057,0.323179086531,1.04568054043e-45
0.00940435967711,0.861457430102,0.166015305684,0.683978317001,0.228991385348,0.83735472758,0.652933414648,0.566768175602,0.010569543928,0.431245005582,0.748151257952,0.410213374831,0.505266009172,0.785864379199,1.61075677964,8.07947737327e-17,2.61795867082e-78,8.44368378919e-07,5.44594079127e-203
0.0247210839526,0.22612488803,0.847627337384,0.527678088194,0.0881821778322,0.959252438608,0.372324243197,0.451279746842,0.20660042768,0.013643204116,0.218370286668,0.257483642486,0.352564337343,0.458048211201,1.88343443121,5.10477297062e-28,1.95688759672e-07,8.05205744253e-65,5.99544370822e-161
0.208884184676,0.0374595794372,0.849522692048,0.172851518701,0.426963507164,0.0747733428383,0.571160905421,0.447622362495,0.580365416299,0.16274271633,0.0586571803659,0.643501558998,0.623407904491,0.643648925693,1.56540111276,1.43901553628e-76,2.03349878894e-07,5.58515505788e-143,2.40603227182e-68
0.137113951748,0.283927948577,0.56600534425,0.578377726073,0.050102866588,0.324571643241,0.860220780287,0.483522662925,0.217990572521,0.646907510306,0.105527285433,0.960256575823,0.969771656337,0.494340311318,2.05248646527,5.3648320011e-24,6.17239005262e-25,6.74861479165e-55,1.64651221468e-86
0.9059664523,0.641905392789,0.245754954647,0.666995442876,0.423915249828,0.279706593397,0.632650496682,0.537767422696,0.535572465389,0.936361704892,0.800892752647,0.129403300501,0.394609573981,0.824739307407,1.60945866117,6.53260459896e-18,2.83810161244e-61,1.4122192716e-19,0.000130020346984
0.886272295626,0.453344441396,0.74553794904,0.000905032137334,0.32635901701,0.23686691442,0.151219518305,0.706078917743,0.00632842094917,0.109813389761,0.231539043582,0.858755050309,0.459599921539,0.593712652332,1.87065447394,1.36305557829e-304,5.18906266648e-13,1.29104970036e-34,1.67815018638e-05
0.373929318315,0.253355660325,0.09914517104,0.269348020612,0.394899539232,0.31043021842,0.803088998329,0.341044196515,0.12652148791,0.613961573909,0.517447820992,0.993103078585,0.71793655642,0.647379316714,1.62925821482,2.75098758818e-57,1.08459208168e-100,6.04186400289e-60,4.86476175523e-43
0.845203685099,0.931184356791,0.818230002653,0.0460291151038,0.434637053591,0.518099476833,0.179472067875,0.703540947782,0.956213408936,0.363647721651,0.439410125306,0.415055191905,0.600564765829,0.984261660415,1.63099768742,5.15033883044e-134,4.96721808281e-09,0.00205182636252,1.27265813332e-07
0.547484377816,0.0414606629341,0.438024989027,0.652444641382,0.221079026715,0.51056909223,0.882847133735,0.703188522314,0.0315637606731,0.812475812008,0.458058870745,0.537664352538,0.52863426429,0.462297494976,1.58825882361,7.10244713134e-19,3.5231399519e-36,1.4476559146e-138,1.71480320205e-26
0.647394756599,0.0126928639097,0.34895349436,0.748889289181,0.62264625705,0.94632351516,0.242336186395,0.877274330594,0.91820719939,0.0668904527146,0.490913064395,0.973206700863,0.305277074705,0.463097582412,2.04874044769,8.89956423362e-13,6.08642089759e-46,7.30414161091e-190,4.21235128467e-19
0.17197621506,0.652237656552,0.521780836827,0.454712205789,0.760282874005,0.360796287983,0.675741687918,0.316518660882,0.476906137164,0.43516207871,0.81540487215,0.617358821135,0.932752193084,0.861541201375,1.58765250034,1.48093683955e-34,1.3985816432e-28,6.87800079004e-19,8.78443802389e-77
0.90889008363,0.844549505508,0.279491287028,0.218079338057,0.339119406561,0.27598121529,0.0958480702666,0.387926272625,0.242260584863,0.231644465145,0.446886610741,0.207893792238,0.431689254622,0.0747525837949,1.66405936444,1.89994364339e-66,1.13270299549e-55,1.20171059457e-07,0.00018553472539
0.265686183267,0.682547758611,0.928510445211,0.289417268649,0.66979578446,0.182428798627,0.223111341058,0.262611997754,0.490022649238,0.652846400049,0.331247960973,0.177283265449,0.326615225649,0.341446810213,1.47398811812,3.2889549022e-54,0.00139089182759,5.99678580018e-17,6.33156470719e-58
0.688173790182,0.55845707461,0.704062809263,0.139107915702,0.727945077418,0.652079774021,0.274175308649,0.0518128545203,0.83690043173,0.292836058479,0.23691795609,0.750226255468,0.805914471182,0.663710191966,1.73558455553,5.89861435064e-86,1.57291795813e-15,1.36315535781e-25,1.60464311822e-16
0.271718258707,0.139342315611,0.317290060785,0.350896654028,0.595547532306,0.74018999366,0.0173909681433,0.423526575088,0.449175057286,0.573748920966,0.237461587238,0.314052741336,0.430955042229,0.259964263232,1.47948946678,7.65868940007e-46,3.24996395468e-50,5.95023471449e-86,5.9994858293e-57
0.689470777544,0.0087060102749,0.352328267502,0.182953017936,0.353836388608,0.541275070837,0.234270184752,0.245900636831,0.39292929427,0.566775883158,0.0554044788857,0.094865558771,0.237057809506,0.95894394526,1.81573664174,4.88799239593e-74,1.41228245102e-45,2.73583734013e-206,2.02655836463e-16
0.10576170121,0.569628837927,0.640750672394,0.532297136052,0.00869317154476,0.0577655760562,0.125836213098,0.0737955314667,0.639751584377,0.887765143674,0.939491312324,0.411861336805,0.808868363013,0.642959795944,2.2452529923,1.45478264989e-27,1.64547853263e-19,1.27815031339e-24,9.55493983814e-98
0.825984189539,0.450259100584,0.997632477836,0.191311020299,0.730206367813,0.276313847625,0.523029035929,0.844016818203,0.0143469647191,0.463387050858,0.171444281034,0.661972803956,0.916705657462,0.920418944638,0.632582114763,1.48332246722e-72,1.8378685896,6.77635682777e-35,1.52026661756e-08
0.372144287546,0.4995123581,0.472371448542,0.159367974683,0.917595650178,0.371799506929,0.702282072669,0.0918992724887,0.61290895989,0.646855219218,0.629305357688,0.405798838014,0.270390177853,0.713123924656,1.55633683496,4.24941181084e-80,6.55522267596e-33,1.74923114641e-30,2.87977902825e-43
0.395718682683,0.608885606967,0.994991395722,0.618829618344,0.955416307504,0.775798903912,0.187219709281,0.676482448538,0.0206215949431,0.146200339186,0.943991904285,0.420457940045,0.664865020917,0.177958548431,1.22133452477,2.7546325699e-21,1.71049260663,9.38158400144e-22,1.80867618675e-40
0.176743603089,0.087447194893,0.0356860288928,0.191983552405,0.11621679481,0.737793283661,0.0809969117888,0.8541570242,0.238745539379,0.0165935617167,0.610068744423,0.458023755087,0.999341426632,0.547621738182,2.07224848176,6.90182675449e-72,5.78607400544e-145,4.86575226078e-106,1.76576186496e-75
0.403644676645,0.634432981179,0.506110671419,0.0415465248942,0.575124398113,0.289581954913,0.559871285397,0.800005255487,0.301663152634,0.946523943728,0.725897750894,0.911953555481,0.294347045049,0.0645215848426,1.83489840405,2.05684830613e-138,7.66092757973e-30,4.99237364453e-20,1.14724144686e-39
0.554351609878,0.727147710836,0.0986090129695,0.368163853935,0.104858875879,0.406330343637,0.274292621966,0.506713117729,0.595220389115,0.463380512906,0.630444696304,0.691988451414,0.591196260397,0.710082524143,1.33263411741,8.41289674151e-44,5.15812637653e-101,3.04154977721e-14,5.00451636396e-26
0.839970088577,0.0957308794292,0.622933236349,0.161642953282,0.985611993196,0.379917552167,0.313892801079,0.684394137234,0.806885504516,0.29056089181,0.0548929548366,0.120124722431,0.630087968205,0.239818425946,1.88396218158,2.12260760279e-79,8.22891104017e-21,3.77048236805e-102,7.89903729105e-08
0.27755478464,0.845060298,0.537550001506,0.266447600443,0.658212814199,0.370217520196,0.960028854751,0.22087503744,0.113131889955,0.473025072951,0.29655049441,0.633878972725,0.117650216925,0.314383743475,1.72176669179,9.84635578275e-58,2.97838557769e-27,1.32088201576e-07,5.84744320978e-56
0.711182997437,0.218356682734,0.0997023474811,0.207370544477,0.999132922994,0.314337739541,0.401650137253,0.826760447736,0.148422929303,0.298295790389,0.32969750287,0.206845916743,0.173995542375,0.528091626978,1.78635056325,1.32676304047e-68,2.08269154138e-100,2.31598295215e-66,4.42815781299e-15
0.0122585492694,0.774681187135,0.640141774497,0.386853101319,0.516670279687,0.540708778487,0.551346596458,0.558811111386,0.717695038302,0.106033443832,0.787290703801,0.125706691486,0.906764830506,0.0236859473414,1.82559523313,1.6297937781e-41,1.21658178439e-19,2.343286068e-11,2.00185243509e-191
0.842762299494,0.324406141957,0.0367347309882,0.146310682615,0.460679341804,0.69008667229,0.0196876883706,0.917978553358,0.350103009214,0.650850723674,0.503663710072,0.0271813927366,0.548528290811,0.203232476782,1.80230690958,9.54008572392e-84,9.112446805e-144,3.63793916936e-49,1.05307322179e-07
0.367088703448,0.880377950623,0.176302766188,0.323742637312,0.725940388732,0.474164432334,0.244984592979,0.740476742483,0.206573948954,0.443360183008,0.470520360236,0.627783896505,0.853156565742,0.300922957106,1.4454343759,2.37743299602e-49,9.59468892594e-76,6.65325167496e-06,6.81114705766e-44
0.222376691865,0.300149147557,0.626264552262,0.65674768381,0.614959581596,0.462191524402,0.190870372659,0.391032484375,0.267226840658,0.233979731268,0.271913855567,0.864663008841,0.363444984805,0.954765400321,1.65749160008,1.4302968893e-18,1.23411111944e-20,1.41020626613e-52,1.331980109e-65
0.154227807043,0.38663067681,0.00340625265305,0.165368122703,0.103415147913,0.445421208071,0.402167636143,0.116474327387,0.268993309756,0.201473560358,0.0090481312392,0.933870570541,0.510490851388,0.781612195817,1.96809652472,2.16444170406e-78,5.22218267653e-247,1.65881228092e-41,2.0250446974e-81
0.961793121528,0.00719928563675,0.929189903155,0.841682825298,0.100430855795,0.19693987449,0.200934668813,0.0480736222679,0.357323149249,0.123172252348,0.908141695087,0.451891225833,0.595430428339,0.332641868825,1.91256735776,9.83067087915e-08,0.00194171266806,1.60944939072e-214,0.0611014062977
0.739983525804,0.837829485929,0.94448119835,0.0545534274422,0.574479548011,0.532065648801,0.248913892388,0.667889259732,0.559633716682,0.126026361008,0.764697471936,0.772115108338,0.913787148312,0.904305970637,1.71999021902,1.29972054957e-126,0.00893267327745,5.58747718985e-08,2.2586910369e-13
0.0285528014183,0.5726193361,0.880568627067,0.855889044203,0.220593177744,0.601717299069,0.202840269144,0.217854435626,0.0921873936201,0.139929554901,0.445268388374,0.508566058226,0.226648360415,0.967384292423,1.84852457606,5.06631080406e-07,8.69492699238e-06,1.77642148249e-24,1.06614823652e-154
0.243854001914,0.216163550435,0.925122147969,0.920079503814,0.942081154047,0.830835359828,0.17788746883,0.736252659803,0.946927473372,0.194264887914,0.113463657116,0.269992972647,0.699506316464,0.590461138248,2.0079766996,0.000761051751956,0.00131457834498,9.48691833919e-67,1.62879862557e-61
0.804620659637,0.709859417371,0.157672809743,0.313449461542,0.17782876654,0.754662688169,0.203832638447,0.895934641157,0.414604443348,0.4698476416,0.500810244229,0.496859205459,0.891946017025,0.126589328297,1.71439603143,1.11425307732e-50,1.60661462265e-80,3.52749054736e-15,9.75773395141e-10
0.18005467189,0.385625179603,0.792046308595,0.646495545434,0.0584440840918,0.0911557857556,0.915470555103,0.379066422193,0.121088057348,0.128334975953,0.207560337763,0.201922544208,0.826870404738,0.192234173356,2.20701027242,3.94891614078e-19,2.60004973603e-10,1.43371423209e-41,1.20327164747e-74
0.967075959375,0.987195305057,0.213121550589,0.603460047161,0.368350528252,0.774836204635,0.497426919806,0.515622039415,0.406459727258,0.724315363495,0.167539806181,0.686917894419,0.740578475567,0.979319155779,1.43681920172,2.620440102e-22,1.64535163145e-67,0.664075663333,0.0875110760039
0.8874476485,0.353370140841,0.977339221697,0.343307597821,0.732840331253,0.0825121421252,0.582716745349,0.370478999416,0.516844621997,0.2024721048,0.932926492007,0.795153708384,0.701839411927,0.0416264234015,1.84286043622,1.07140538279e-46,0.294994538225,1.95025465093e-45,1.91152798534e-05
0.982166498825,0.842726649177,0.212845660821,0.272969759996,0.0845737254959,0.160012900711,0.0714839212566,0.563045470248,0.0561201168723,0.192437479968,0.307400180956,0.919810674554,0.635076798408,0.473404734671,1.93257947857,1.24082641722e-56,1.9441838282e-67,1.12442373648e-07,0.513684493803
0.451677761317,0.98633413283,0.461579348558,0.814136356438,0.187184111555,0.948083394044,0.182921205201,0.376958360237,0.303964347678,0.504740255791,0.369415235138,0.638725196453,0.984576327918,0.604195282048,1.59997457222,2.9508550721e-09,6.68143805688e-34,0.670353152723,8.28367152369e-35
0.18939966729,0.857749434684,0.964934291836,0.453554610409,0.0740332815231,0.433907332492,0.729925111712,0.610807182507,0.103729442758,0.989992040162,0.502830468883,0.226185319572,0.638292238907,0.331364760664,1.76889424432,1.27873437162e-34,0.0783212070835,6.02963585096e-07,1.52113658203e-72
0.354211756548,0.158731857931,0.582932344089,0.913636565572,0.550020507169,0.263436547666,0.787142612828,0.510884501224,0.332297203051,0.900043878192,0.292574398157,0.229185010101,0.712696230415,0.319852437547,1.52325194608,0.000285916278602,8.72382438854e-24,2.78805662015e-80,2.01924395259e-45
0.35288237523,0.970590517732,0.519280277424,0.155768626066,0.312719510149,0.0983741641028,0.91077672163,0.775432157994,0.337176615923,0.147101478011,0.519509369904,0.980385997374,0.402420908299,0.38563451457,1.83996637238,5.11597827783e-81,1.00256508795e-28,0.146368547844,1.67995005138e-45
0.562232674593,0.181170894967,0.723138844441,0.906205638905,0.35447112601,0.673982521695,0.0968799449517,0.663632334753,0.448897278983,0.2234133691,0.801163330441,0.500171545969,0.994760763322,0.482571653967,1.65563287877,0.000137328269421,2.17396732385e-14,1.67466094251e-74,2.55089191797e-25
0.132055198512,0.967420051478,0.645333755524,0.790311935857,0.835848035923,0.345141070018,0.548425798768,0.365799213523,0.582217738208,0.245090019671,0.194129724995,0.617940176323,0.897327257734,0.145425366309,1.61727540137,1.53023439572e-10,2.41736425365e-19,0.0926588362107,3.02806866217e-88
0.315853504513,0.241670452243,0.374732015698,0.89470389661,0.52944469787,0.867352211351,0.630213092554,0.428056351273,0.533777775487,0.882129426746,0.313691451864,0.362565141734,0.886970256449,0.274116262139,1.55947846975,3.60605327672e-05,5.77004469791e-43,5.14582175585e-62,2.17605191401e-50
0.104716090669,0.945296280884,0.912685251015,0.845480940887,0.264285234136,0.963903773701,0.726355165986,0.843741334051,0.353620029243,0.681611508775,0.519974113449,0.585119882199,0.27075780381,0.816052003992,1.65463143767,1.33414597995e-07,0.000279849407638,0.00936743564452,2.60717487258e-98
0.765996345667,0.0946467577474,0.940367141475,0.253815747662,0.485257677256,0.148474074823,0.974388831944,0.957416074792,0.536355146386,0.4096775306,0.0389344738509,0.890764152987,0.63857383809,0.956589668686,2.16048459455,9.60566492396e-60,0.00725132268502,1.38435546054e-102,8.98138414899e-12
0.77490642739,0.125906760354,0.245050357087,0.90154208106,0.156105717831,0.0873325867408,0.0974378517078,0.930367316677,0.63212550994,0.538869936288,0.511145987682,0.0378314274228,0.461492285457,0.834469325716,1.98187459811,9.81287682872e-05,2.62258769442e-61,3.1484804011e-90,2.61892077766e-11
0.444354234691,0.206351641078,0.390096555175,0.566557917857,0.457256184326,0.0717778564025,0.160163923128,0.628017856248,0.270881868629,0.977613383349,0.8120771518,0.00881689516892,0.460329264399,0.142059767711,2.06603599909,6.84997673907e-25,4.25078639628e-41,9.37670970749e-69,1.92393367432e-35
0.252129467225,0.789061881479,0.44668137238,0.876187949592,0.573005096148,0.883843612909,0.687256073761,0.972011572286,0.448211350364,0.731056754886,0.889912776942,0.220108988718,0.702376194538,0.126978180601,1.87706706665,5.36200556646e-06,2.94702517697e-35,1.51602386364e-10,4.28509325803e-60
0.95872406551,0.238087469998,0.581078952812,0.281587336506,0.72733756961,0.181891152879,0.0697390762981,0.677804265948,0.0782072866409,0.643693769652,0.203720899721,0.477569964355,0.294196293715,0.326691591544,1.72838156761,2.48354190853e-55,7.19903065528e-24,1.28060003895e-62,0.0401051669737
0.253058177797,0.708993818349,0.403187963611,0.523071642345,0.793341936176,0.899266089998,0.831080997409,0.916512705908,0.110078291798,0.480248538188,0.685330601329,0.421229231481,0.793044793994,0.65516103637,1.8314918862,2.06558214578e-28,1.02254101701e-39,3.3355675387e-15,6.03896515764e-60
0.945749320735,0.0840141246894,0.784973467754,0.74567347733,0.357682170035,0.928141131619,0.22193520544,0.368126203592,0.602213099121,0.853668231317,0.952519790572,0.634982544403,0.509734336305,0.3037325392,1.69537887723,4.78912585936e-13,8.14487495381e-11,7.25466470719e-108,0.0100692136429
0.76212317966,0.904731058623,0.227972275193,0.144869013583,0.75629364831,0.488282968583,0.546420733225,0.253641115393,0.556251108131,0.964143465929,0.98715302695,0.10830625501,0.082656158959,0.948081254694,2.11295940036,4.15490721778e-84,2.03804789583e-64,0.000148922727678,5.29088231746e-12
0.364655716701,0.321075486749,0.502378890123,0.414086513354,0.491551334924,0.192449218723,0.135863093383,0.798910486353,0.720222628525,0.129143224763,0.807581282062,0.981596554541,0.820099444273,0.777093359797,2.00842065316,1.6146676632e-38,4.00048612828e-30,1.44440677636e-49,4.86717759988e-44
0.952220208691,0.31375508368,0.4096669238,0.258722819275,0.333402327033,0.464056310117,0.761278487362,0.114687547621,0.0895966589749,0.0378746243959,0.993706370058,0.457183338084,0.330613922226,0.383377781435,1.91550913519,5.77933154375e-59,5.26616158051e-39,1.37240165635e-50,0.0224990141815
0.365846836908,0.229949606418,0.809931858743,0.796507623355,0.780814451684,0.0577707298121,0.0219810616168,0.900699069624,0.619529070164,0.357842336367,0.830985749616,0.234956694558,0.96833328852,0.602042636315,2.10752962245,4.35398814789e-10,2.31601728379e-09,4.82126076735e-64,7.07658967601e-44
0.0757408873162,0.509294684629,0.670970622641,0.336778204824,0.74974243215,0.486242418589,0.598684018605,0.190499542478,0.77394627878,0.739621110244,0.0157967740169,0.306757283956,0.871379714602,0.0226353539746,1.93814987138,1.65160046558e-47,1.42514090123e-17,1.51503125471e-29,2.60943268485e-112
0.229473373457,0.710544819819,0.175471059174,0.260449676124,0.564228895392,0.0106336667598,0.6140935359,0.0733336803004,0.339182838074,0.369920730386,0.0550527658309,0.671604304416,0.688681920675,0.0178353637517,1.97695870049,1.16011126809e-58,8.17837896321e-76,4.47986816656e-15,3.67576292638e-64
0.819244311068,0.665410499604,0.495312583288,0.478426978404,0.927351297202,0.0918070299197,0.920008397554,0.346557341116,0.524809641356,0.599746120555,0.398571023609,0.142326273963,0.574055138931,0.252924777212,1.76451580336,2.65651073092e-32,8.52474811477e-31,5.64560341735e-18,6.08259438216e-09
0.236990866653,0.653538321485,0.812995316172,0.468013108359,0.832701706843,0.536765173215,0.303979661433,0.892141799509,0.117539918637,0.794000146837,0.455728426077,0.530003942795,0.253406200913,0.304339146521,1.6389049481,2.7319664577e-33,2.62710842924e-09,8.66521772844e-19,7.65305011552e-63
0.421998394257,0.36840369995,0.800352559003,0.824074788133,0.604250329097,0.136458120758,0.4515595464,0.704511198982,0.793133198176,0.524668729939,0.290801750513,0.82426313316,0.788289811901,0.313405787982,1.54057665796,9.56017710382e-09,5.15153882402e-10,1.03800994745e-43,8.22021229572e-38
