$0,$1,$2,$3,$4,$5,$6,$7,$8,$9,$10,$11,$12,$13,$14,$15,$<0,$<1,$<2
0.394174550929,0.02042130931,0.76540100929,0.624489822764,0.908909656906,0.74720301285,0.169187111714,0.128565583512,0.383806517291,0.836540673311,0.220697830578,0.312550525126,0.0147459985173,0.68009348464,1.98352979674,1.1119752428e-20,7.62889544158e-12,3.17626657618e-169,1.15456066557e-40
0.547448639804,0.414882272676,0.687431453419,0.861507376669,0.225634411098,0.719053532203,0.871985152582,0.220856459211,0.290175090673,0.596229534781,0.593494287346,0.181496522866,0.610909541483,0.469006912282,1.51628875698,7.99469384245e-07,1.25846670887e-16,1.47703108826e-38,1.62644693034e-26
0.479018054583,0.0484501198334,0.674784157569,0.396933707232,0.209945344546,0.0689364271559,0.746273488367,0.619524307841,0.404986521195,0.142003377734,0.804321934877,0.0358418830395,0.32289473072,0.290610709712,1.86533808981,2.18109945987e-40,2.41749292854e-17,9.91660443545e-132,3.17735469922e-32
0.342403607239,0.216818109026,0.194649706608,0.293438638054,0.342437448769,0.517470877722,0.241784783,0.0320854243137,0.225289242724,0.150086645837,0.511413187573,0.528520682101,0.250602728794,0.193324133583,1.66584846922,1.47735613538e-53,2.20358961083e-71,1.06490437769e-66,7.44026673608e-47
0.60424813048,0.528726198989,0.261349833653,0.144734274827,0.416700735009,0.814476657007,0.352106186435,0.0104894117655,0.933072952109,0.247515392895,0.507716399729,0.574699927975,0.317702124826,0.279256371337,1.70622807706,3.057003316e-84,1.41377325678e-58,5.63949263801e-28,3.54558989093e-22
0.91249807519,0.102177274018,0.257465109281,0.806889223922,0.837882589902,0.803544571059,0.572483015204,0.454591831839,0.62766075584,0.247238259625,0.264398307992,0.00885361679326,0.689788130195,0.129177122647,1.76406744991,1.33053593961e-09,3.26944022754e-59,2.38817562703e-99,0.000292301316289
0.0972967623679,0.32561686972,0.386390921318,0.296894028125,0.467476760227,0.770847324269,0.358726062106,0.536922171337,0.198337934053,0.348080104644,0.898623152316,0.210415366555,0.25958116708,0.76503151163,1.58061985796,4.51953254028e-53,1.25209901617e-41,4.6305972044e-49,1.6024563563e-101
0.139170704552,0.973264554816,0.460862553525,0.0486351325509,0.898264743493,0.298495137348,0.958815687407,0.185141065159,0.763973314042,0.293980685179,0.782097536246,0.458476845717,0.146496494161,0.230934664994,1.88928951749,1.47037725658e-131,6.75399249774e-34,0.198195918293,6.75425794755e-86
0.520801260981,0.77886622286,0.337039699723,0.437037842397,0.224276852148,0.312410892768,0.856845998218,0.336305682835,0.733028134464,0.85257039552,0.171648296939,0.345024230583,0.705710063229,0.51960417592,1.61848910242,2.8650618502e-36,1.49051234069e-47,3.56054659723e-11,1.18149629893e-28
0.0484152257012,0.576450337497,0.192438379184,0.280363764473,0.0807188927625,0.752645161588,0.93438533905,0.926599429797,0.225843555406,0.302021477091,0.0271619586231,0.0873313387673,0.693070679645,0.486972109036,2.15597842311,2.00425305337e-55,9.09773591968e-72,4.03602702907e-24,1.06649878537e-131
0.837797802274,0.958736978482,0.398350766573,0.493500214011,0.585605915436,0.645562773596,0.195069809048,0.651949848044,0.630090105179,0.618203935666,0.258003903093,0.728212396758,0.163549937476,0.0814165957689,1.57411254398,5.27096571044e-31,2.62858110204e-40,0.0365747727401,5.09559068375e-08
0.658028737027,0.319247315646,0.649306303207,0.741585381127,0.449267949079,0.443439925869,0.413307689313,0.436285735174,0.293175204408,0.21331905692,0.140124616855,0.523822602202,0.215831155627,0.666357954325,1.3808150153,2.25097864768e-13,3.81256505703e-19,5.61023174987e-50,1.44790945814e-18
0.00707787290698,0.883641961901,0.490426746714,0.657948698938,0.702288462932,0.744506978778,0.378790042676,0.181857476298,0.135942567756,0.090052038256,0.0464526844828,0.504401612068,0.921133275086,0.279265562401,1.94900741824,2.01900137886e-18,3.49420293432e-31,1.29887240958e-05,2.99370753443e-215
0.429349043004,0.42753128684,0.574374412426,0.356465637854,0.220703180411,0.565508404421,0.884225634775,0.754392671017,0.635302340417,0.359731663055,0.475046630712,0.249070165015,0.615813381556,0.388645381619,1.42202600675,3.55463143267e-45,1.85582004651e-24,2.79137134581e-37,4.26655489478e-37
0.2287322689,0.346318119139,0.476267744346,0.116980631046,0.884052696115,0.132917894697,0.479129927293,0.577035481957,0.516074838632,0.552417867439,0.212561512189,0.409249514281,0.0553244001054,0.721470754015,1.62926402306,1.6577052999e-93,1.56037253581e-32,2.26794626024e-46,2.19207364686e-64
0.776873273251,0.938730428259,0.0223035030674,0.696200635073,0.798662410579,0.0887773064277,0.413221758304,0.710966673053,0.400517389302,0.319511664295,0.927683834571,0.803857318566,0.822835248373,0.0304369180232,1.9527606235,5.75718781171e-16,2.1090016043e-165,0.00550629633532,3.32497727313e-11
0.875051014796,0.899028310148,0.27170700787,0.363714869238,0.21505520514,0.351792098815,0.422176972924,0.811585535362,0.738085211388,0.748335570303,0.0215238630301,0.577111475236,0.627446597724,0.482676449957,1.57608454365,2.94988437296e-44,6.36477969662e-57,5.90250227559e-05,3.95400001443e-06
0.551909540556,0.0274904999572,0.918505829908,0.805112547728,0.322771192063,0.6499758608,0.690165292873,0.391506868141,0.549459222727,0.355265110762,0.198093237165,0.734573276622,0.562440005872,0.22176467826,1.35271670549,8.18438876527e-10,0.000432034535287,1.76031575397e-156,3.26675757291e-26
0.795717955363,0.930608355596,0.461457451578,0.741306415883,0.229083627755,0.478001815517,0.540926173415,0.680566492559,0.780184896498,0.281704237458,0.606704797389,0.569070085926,0.500575635354,0.608204018066,1.26217957587,1.98160419852e-13,5.13342662214e-34,0.00149257439328,2.36133242621e-10
0.207483186506,0.701096901935,0.455143261649,0.114767478693,0.213852553452,0.808339119881,0.873121266713,0.852280537362,0.31042322362,0.646581381627,0.751422744639,0.621250796838,0.688413474495,0.814196459156,1.70983409085,2.57607159776e-94,1.7534185293e-34,1.01596477562e-15,1.34080237715e-68
0.262807861812,0.542708858127,0.455735289794,0.992894198425,0.268304991749,0.239664392058,0.970702124648,0.687727373079,0.0794839171882,0.729607222196,0.304810304034,0.437991526349,0.938144592397,0.171637565643,1.399779066,1.35696738154,2.27677444467e-34,8.76486212078e-27,2.8176649709e-58
0.93474661256,0.0495916235271,0.350279866213,0.385226673314,0.117334493757,0.363518440327,0.878716463745,0.0572481996893,0.885654156213,0.204976253753,0.342834783257,0.045882267534,0.91070436539,0.936604897495,2.33050533633,1.36522743724e-41,1.01178327168e-45,1.27175256243e-130,0.00429497330445
0.894134430864,0.0992632513631,0.676555329229,0.38210291102,0.483890872132,0.789264320379,0.563960946506,0.523758394807,0.695051242211,0.771005427735,0.945482217309,0.358137203272,0.277240232276,0.673463133829,1.49836857559,3.88841998985e-42,2.52389025309e-17,1.123539052e-100,3.25102577122e-05
0.224927058231,0.785069090765,0.615185792812,0.0215089110055,0.492831070306,0.401862274,0.730444688392,0.922545068472,0.383892394796,0.459417280018,0.634210298301,0.682958922497,0.674053879176,0.762920856912,1.40736793061,4.03989234755e-167,1.75856025192e-21,6.84408541561e-11,3.53751143758e-65
0.500580501258,0.139066927644,0.470028042255,0.491166447583,0.863052106995,0.437121200477,0.204523649512,0.884540469611,0.194178782861,0.90066201659,0.599716992395,0.442237799578,0.377963628499,0.402304484812,1.66271213071,3.46582090818e-31,4.25906089316e-33,5.48684822322e-86,2.31382136736e-30
0.0598645136269,0.229681883585,0.0501780648559,0.159210245065,0.0648124856572,0.173632011957,0.725703599438,0.102864801636,0.57352172277,0.104032719717,0.581668069257,0.147958535373,0.494798717582,0.632643475607,1.81498245892,4.48841900959e-80,3.20909932543e-130,3.69544223067e-64,1.48572403524e-122
0.469717116398,0.387722612596,0.328460200146,0.484837076848,0.527625712237,0.241841054248,0.35685960325,0.794392733718,0.169923938544,0.634697796954,0.449413184602,0.151546319671,0.657839709956,0.855210309836,1.57672591043,8.98376733237e-32,1.10192338512e-48,1.76193194706e-41,3.78019922802e-33
0.6060649015,0.627992866927,0.498034239941,0.214398484441,0.540440352101,0.761176366723,0.848516907859,0.711150199845,0.340888172531,0.399341812698,0.63650802742,0.609258654,0.238478258634,0.632617948771,1.38789863945,2.88834277695e-67,1.15983921327e-30,1.36128390303e-20,3.89395572949e-22
0.0580571974735,0.650289777342,0.787333653743,0.0586350181109,0.341989082109,0.375793493455,0.437798264631,0.404168765754,0.930103210695,0.596977050196,0.879879796974,0.403540590868,0.545767647731,0.293802680643,1.44606579774,1.4859845514e-123,9.37971107644e-11,4.64515938082e-19,5.51969032748e-124
0.188513184833,0.0913062817291,0.589147911665,0.61332176733,0.163119608552,0.430149918656,0.874728825406,0.343703292533,0.914507947272,0.108128056621,0.219829015229,0.366094946385,0.356000104406,0.312356988928,1.76097045735,1.62446288292e-21,2.91277008837e-23,3.10411413463e-104,9.46335242745e-73
0.858406009724,0.70710678283,0.962753006004,0.920946220447,0.764011226487,0.300889611701,0.466115966888,0.633057187868,0.576180981041,0.499153596985,0.219525339895,0.476295313078,0.741779154204,0.391622993105,1.28263510517,0.000534133741043,0.0452784624155,1.79058024351e-15,4.71811387019e-07
0.0159664854569,0.158890095831,0.535118445739,0.0028785761619,0.588623501458,0.46935044867,0.0903385662747,0.138179265672,0.224052160407,0.0556694403895,0.192876362487,0.370617493301,0.676252237963,0.172292029366,1.83062923762,2.37953846798e-254,2.01239126901e-27,3.70171491514e-80,6.02078676365e-180
0.966602698236,0.940682733622,0.0296009915951,0.499698060168,0.199618826811,0.407473771159,0.637654602835,0.594230120941,0.539598964475,0.825733307978,0.20537083029,0.0678345291572,0.101626654406,0.530094702849,1.66515313392,1.9424077725e-30,3.53345867906e-153,0.00577953709605,0.087655193235
0.764621597398,0.0989390291369,0.131042553478,0.982010544523,0.271132763439,0.225568255779,0.548835113755,0.586463128163,0.479148351,0.14459298692,0.651317283362,0.598466964935,0.75900402504,0.994549835564,1.55625706824,0.40684474534,1.39248748763e-88,8.69603009376e-101,5.58743750963e-12
0.0351948059878,0.443935019796,0.898887888841,0.0454865436387,0.940441742819,0.592005881112,0.30047057451,0.856866078062,0.194850822218,0.731988804264,0.461275270028,0.406517898947,0.495057824347,0.678376171629,1.55863521686,1.50368933768e-134,5.74668328077e-05,1.32070228737e-35,1.08823304843e-145
0.116161324961,0.960722148813,0.844736733219,0.364132323977,0.879594985941,0.173745400169,0.364071648352,0.554446797018,0.429445050838,0.611971772169,0.397494511677,0.385054979299,0.664206520629,0.512394205549,1.33978124151,2.81239981467e-44,9.89217408698e-08,0.0382870820841,6.75284428213e-94
0.666085185156,0.0322680727436,0.524165502885,0.834079801894,0.0219428921952,0.167635577052,0.43831722044,0.612419051634,0.194532513861,0.880207051871,0.371278094423,0.136909044845,0.215176571084,0.862595750144,1.95431973818,4.05392713573e-08,2.71618289989e-28,2.31429239292e-149,6.9197902185e-18
0.999010191297,0.334957620639,0.845968874266,0.0179410450726,0.425421255426,0.778817640125,0.569228790148,0.462878805402,0.409414689014,0.916304808173,0.685610857049,0.121743735358,0.898047000931,0.380917781724,0.239216345554,9.11348440288e-176,2.04338011175e-08,1.18548760687e-48,1.60339184427
0.501504779442,0.859996263314,0.400372624026,0.407964879752,0.2054528689,0.162185256402,0.765320118759,0.28798337494,0.474134018396,0.802010919123,0.571131340909,0.21904294105,0.306480383363,0.60847171055,1.54131476307,2.79440273789e-39,4.27020431613e-40,6.81816707173e-07,2.57940088362e-30
0.860021203214,0.0528822852287,0.392292654578,0.11683866567,0.566301136141,0.107031550651,0.894195938792,0.978225686328,0.572859075897,0.919361027469,0.29909765383,0.723002054172,0.305720370317,0.170929871451,1.96020579724,1.76636480563e-93,7.07032177066e-41,6.59846584627e-128,8.69635792514e-07
0.0193580650474,0.0162400725161,0.886606306945,0.557748192869,0.374416002013,0.110537483444,0.0497327598889,0.464849987211,0.467098117836,0.970192371372,0.839123837234,0.292310037786,0.326716088103,0.377954717284,1.79665436568,1.24280100671e-25,1.67365542803e-05,3.231326399e-179,1.37018402309e-171
0.258249759695,0.0842268677657,0.590675812092,0.681744194761,0.474079380394,0.164453124422,0.868718966253,0.707245444843,0.101758860548,0.650970582875,0.828968578582,0.0402748799183,0.554379375246,0.299442749885,1.83630389551,6.64062998102e-17,3.935347961e-23,1.01188107756e-107,4.61378167775e-59
0.230493688502,0.323674987456,0.116908072584,0.342715948998,0.798196003946,0.137155900358,0.192427408828,0.383525044349,0.352310573439,0.697487067401,0.203598420211,0.642001617629,0.434489534927,0.127021208051,1.64098047625,8.02887803282e-47,1.56918209668e-93,2.64324412326e-49,4.75474326753e-64
0.195530085397,0.741845043832,0.137066039862,0.368640603317,0.393505345328,0.911810365686,0.201595432307,0.722897691992,0.301298071356,0.467941655438,0.747019128037,0.769588404476,0.813644332676,0.766161358571,1.66307874344,1.19494937679e-43,1.28830654611e-86,2.80771257205e-13,3.45455160532e-71
0.0429183912226,0.105917263784,0.0583571882954,0.644496000366,0.561846865236,0.0771645194627,0.418747442213,0.876795752424,0.399051041372,0.837901367019,0.413051192033,0.762077686908,0.540026859991,0.590964547693,1.54168142925,2.02365825046e-19,9.85259018085e-124,7.59958376841e-98,4.45100358219e-137
0.564250509807,0.0326810870014,0.411107022646,0.559771911127,0.668406999949,0.505780958861,0.588768687059,0.486983396691,0.685234508973,0.366031519757,0.611802000677,0.404440159691,0.0174398411569,0.257918808037,1.40180200673,1.39288983728e-25,5.47389059226e-39,5.92182904422e-149,3.09031370848e-25
0.227001829824,0.241517688119,0.358553624515,0.00159887440782,0.443569815311,0.153447357004,0.18713965558,0.658289899776,0.945410527915,0.768878514846,0.750602306521,0.561931876059,0.318480843516,0.656550103329,1.64100079405,6.20388555292e-280,7.35597712383e-45,5.08303326406e-62,1.03315258465e-64
0.0833880445805,0.326932910363,0.434244766674,0.0601270698735,0.696118457323,0.21483674628,0.409220499269,0.727255721342,0.030390484332,0.105678672185,0.0662925708282,0.101065795829,0.778181513528,0.507389436866,1.98037920961,2.51114769868e-122,1.84640751022e-36,8.68424953259e-49,4.01094979684e-108
0.0787041851524,0.207039600255,0.99894530997,0.445865422086,0.802926560813,0.238994121576,0.118435780103,0.757822283003,0.296869978019,0.36717986868,0.424639663909,0.714279967345,0.157977410312,0.817098149465,0.266325198101,3.4826629464e-36,1.67898958158,1.07623217299e-68,1.06254324282e-110
0.0628432079266,0.752590908839,0.877271976888,0.572041324073,0.113705577832,0.916619230688,0.8412711006,0.707017214576,0.555289299307,0.0479408423491,0.974844862214,0.040397133626,0.38319540072,0.198238585859,2.23094714726,1.9379808445e-24,7.21165312602e-06,1.58674062277e-12,2.34662543648e-120
0.998854229544,0.405131190229,0.863172135745,0.413222908921,0.0623558204374,0.882086448894,0.691393107539,0.71851276652,0.657956585711,0.21731965851,0.716168583844,0.283748236983,0.0875568217873,0.557763644024,0.303712219576,1.98162378491e-39,1.94233160534e-07,2.74252209398e-40,1.76780027535
0.234900963811,0.339047208675,0.992357910676,0.791899633314,0.235545756361,0.871900845035,0.736538449307,0.944429485993,0.783172114413,0.682094346624,0.658768913325,0.870214969441,0.00391156673059,0.797748595566,1.54492103956,1.78665356975e-10,1.38085118965,3.45576740836e-47,3.99031381037e-63
0.666488230859,0.759064726959,0.341813217731,0.987086560371,0.0569944081285,0.963933058087,0.637723895582,0.577171081017,0.642236414088,0.570967242267,0.890129957822,0.213039917294,0.391891728257,0.441311247303,1.55684935141,0.710609501386,6.43199914482e-47,2.8664328798e-12,6.43738078711e-18
0.74937261069,0.463964959126,0.0585681145242,0.663028660099,0.594106039746,0.985744961326,0.956503605248,0.89442782856,0.932898397985,0.489959567462,0.212314249393,0.838862281547,0.376668755126,0.51078931467,2.00919254321,4.4912951752e-18,1.84189869994e-123,1.4049459361e-33,9.30942823066e-13
0.976671976705,0.085161455132,0.904940009237,0.921169358742,0.491752326142,0.858866395,0.417529400519,0.0968198306832,0.0348131632046,0.198562365047,0.759402858988,0.710664349608,0.345661672662,0.424053921882,1.72756993065,0.00073706176067,0.000124604728012,2.86987449624e-107,0.258003902333
0.457886490431,0.953524968045,0.818998957791,0.3249880841,0.411561720468,0.0972937329282,0.209615674125,0.42468871933,0.208085823852,0.207181789889,0.810759906365,0.972099686634,0.300266208465,0.471894161009,1.79091580767,4.3245289112e-49,5.99142265427e-09,0.0241228303294,3.34978906941e-34
0.747461914244,0.275092002405,0.915916273111,0.00974314720331,0.417500658882,0.819207250329,0.79163694491,0.784449821977,0.750074879206,0.124906304377,0.0833127908595,0.798679859068,0.291462766575,0.0335670095604,2.00178128723,2.33057407613e-201,0.000482074357942,2.78825809769e-56,7.18527494302e-13
0.942058490176,0.248900798489,0.562657531562,0.962054371846,0.208373018988,0.59077098949,0.772181275541,0.846575216206,0.714816191586,0.126774811185,0.574431967961,0.163541277806,0.0834370103692,0.393898068849,1.77548192362,0.0582845990468,2.9517778621e-25,1.11763243962e-60,0.00713607069477
0.170410485458,0.737025471339,0.951360514714,0.694899124695,0.379149427889,0.416406821079,0.56128753807,0.210000944837,0.647357198609,0.442643943033,0.950093896117,0.550628443889,0.0231681711253,0.430181438665,1.57175263704,3.8430898508e-16,0.0168668115992,1.38286185725e-13,3.48466027645e-77
0.883634064938,0.947628592995,0.106101099426,0.197929724646,0.108355700294,0.427566492845,0.763560897856,0.121874986152,0.782616293061,0.123179090401,0.816304829469,0.298347895395,0.771314410386,0.355076506854,1.82821939503,1.28602744629e-70,1.07185638654e-97,0.0132425437008,1.21731950488e-05
0.420459446327,0.899181994073,0.572207810494,0.708390010423,0.870037424388,0.618644744336,0.585445993835,0.00434380727793,0.443780958397,0.3799810668,0.297008545096,0.720861591501,0.795521349377,0.288892009868,1.64343029862,2.74861548611e-15,1.46976979696e-24,6.26082165203e-05,6.08530814587e-38
0.209622884366,0.953757095825,0.631052922889,0.890693521622,0.123772019201,0.323102083045,0.978230851793,0.605955212913,0.711851265187,0.512569961473,0.357210777174,0.542766004294,0.150821024807,0.558442058785,1.60521683361,2.36855206156e-05,2.5599521359e-20,0.022154367825,3.51207830054e-68
0.95032958979,0.240056285475,0.164849331345,0.717697063675,0.186531033599,0.507360472909,0.1957919637,0.606496612125,0.213603400465,0.0972449915129,0.42405532371,0.947810267033,0.147982847698,0.402243238475,1.78612693318,1.10191764214e-14,1.43466726107e-78,3.01536833339e-62,0.0171977170148
0.324824600339,0.521474406009,0.128393911113,0.345075334777,0.657382223341,0.863298522106,0.00506111851669,0.306415163254,0.0722612688913,0.370780464847,0.0662261214635,0.0150835264682,0.344823696555,0.786155287649,2.16812097397,2.10666357781e-46,2.435825844e-89,1.80095639085e-28,4.97845590411e-49
0.494808608606,0.241720757794,0.685668559381,0.933950032691,0.345725915565,0.626059622682,0.958468219043,0.134955606825,0.264371898945,0.828474985474,0.279403249356,0.441633074308,0.0284607985197,0.384056597847,1.83441754513,0.00310443557218,1.17772060785e-16,6.18035474116e-62,8.0046689555e-31
0.444330065817,0.263116878214,0.0984926421119,0.697648362444,0.76791733482,0.233462096062,0.660674800557,0.729851102867,0.0592633946721,0.776227866824,0.899888855798,0.989998739185,0.184642592289,0.309130053886,2.02791215556,7.35913775442e-16,6.97505749094e-101,3.29639913414e-58,1.878188229e-35
0.711839788545,0.80067085607,0.382176198985,0.0235327028016,0.464509605285,0.0343510558154,0.5826387081,0.825030281623,0.754377301452,0.683884008813,0.00978491377421,0.248771429786,0.380387322738,0.922519074125,1.92533967339,4.44434990372e-163,5.09320212339e-42,6.69929822315e-10,5.23423451002e-15
0.349900430221,0.401751065185,0.0716808582168,0.806921336094,0.639354189453,0.658816197723,0.665145424292,0.908544640639,0.762785750901,0.946324334677,0.825266769113,0.800946794915,0.942030158979,0.568382795685,1.90351998459,1.44144213581e-09,1.03752114393e-114,7.43671277713e-40,7.41523578271e-46
0.0774129360453,0.63524095226,0.943529890087,0.837636418098,0.237532956792,0.726853144933,0.297288462361,0.898222401179,0.802070990511,0.664824280768,0.349545429953,0.822144117466,0.216606269646,0.692946970952,1.68237367655,5.3406908727e-08,0.00789972197502,5.19871416823e-20,2.01094900479e-111
0.32125549974,0.717834423065,0.0918236099882,0.222429190546,0.380669755872,0.0482934839125,0.195660844959,0.105272992549,0.62330265676,0.958383968744,0.119958987973,0.46457264624,0.601888460391,0.83564824325,1.96075689328,1.61332463786e-65,6.08106864481e-104,1.2330244685e-14,1.49142273509e-49
0.37906789161,0.525492772578,0.0619778519165,0.379953902526,0.0308300118627,0.597079717477,0.591466713667,0.115423694273,0.171524463094,0.674221197482,0.959893309232,0.679279624373,0.20585915669,0.377998390047,1.86910551607,2.75959055085e-42,4.91366671994e-121,3.34524881166e-28,2.1850111973e-42
0.838063463816,0.351370140099,0.590960306901,0.50843093668,0.869122105332,0.60304463214,0.510027773674,0.597326145779,0.917794891734,0.0829326896528,0.972524718394,0.44185377073,0.432936854821,0.456427447841,1.73799659889,1.1464777617e-29,3.90840854938e-23,1.02956549667e-45,5.80576639762e-08
0.811315504428,0.760480502083,0.33548695202,0.501484051343,0.612729588248,0.0238925218408,0.726491410059,0.731970006031,0.237305824506,0.672655694073,0.565674995287,0.0483843060472,0.527620254655,0.459197328224,1.65401062841,2.75658092959e-30,9.59890226025e-48,3.33784788624e-12,2.15593531032e-09
0.283660347955,0.385502686222,0.889436730899,0.784672377816,0.281688251592,0.939263671738,0.549375041633,0.798436963149,0.472942068506,0.158459003596,0.358873127724,0.279540263388,0.236004462574,0.453054736081,1.58991428339,7.35072311623e-11,2.03704036086e-05,1.00053998357e-41,4.75725813198e-55
0.268162403835,0.817884724613,0.240975477727,0.43464629165,0.816378264354,0.624306921395,0.566233341737,0.850487497988,0.745020143531,0.588672935237,0.194549172015,0.859673732421,0.741148878809,0.862633450961,1.72299472246,1.76198289114e-36,4.26273972542e-62,5.03052755429e-09,1.87151290864e-57
0.159041424879,0.718627447783,0.526729718499,0.713060413506,0.509250423504,0.841224975064,0.357785000256,0.461171261978,0.340712984718,0.654913533416,0.9136795619,0.542631712966,0.0354362569005,0.687600177842,1.61158492808,5.20002872237e-15,3.64884404951e-28,1.13175694661e-14,3.58425477901e-80
0.386509166605,0.259334508018,0.222464854106,0.520620454242,0.585391269832,0.477591492021,0.671075236541,0.18493606261,0.0988142590526,0.544257950062,0.484727971585,0.782090064877,0.232819601756,0.997208321035,1.69764411554,1.19698637031e-28,1.41940863801e-65,6.48630663049e-59,1.38658455124e-41
0.171063075147,0.411409243694,0.835148574632,0.610972061105,0.39129684881,0.873460015061,0.0746667806195,0.24221743913,0.407249140303,0.840304662127,0.110587997833,0.162676734342,0.404051835622,0.743504176213,1.85698796623,1.16698176088e-21,4.37827856092e-08,7.80429185219e-39,6.03332138768e-77
0.103415591867,0.641582939611,0.14559533703,0.920253096233,0.0268305464946,0.31304753016,0.504144083589,0.570833480526,0.753712296146,0.25253063621,0.817271078349,0.864798871384,0.598730567631,0.504182730826,1.63299038047,0.000630713689708,5.29480712287e-84,1.36264975509e-19,7.37404392862e-99
0.31132386521,0.706015247699,0.574600844851,0.117813497758,0.68149221894,0.262255886256,0.412974062221,0.672080435246,0.908543154403,0.915444614081,0.301120429936,0.66324478345,0.0548498533975,0.229115017149,1.80388788524,3.73107871415e-93,2.44881197326e-24,2.15644046731e-15,5.93705119525e-51
0.0672409104007,0.326132150206,0.861871199369,0.883183668646,0.609609572716,0.868387635519,0.866606057686,0.931982687995,0.971335747082,0.4757866996,0.376713943456,0.725837987277,0.222960348321,0.892575426183,1.98854510513,1.25822495772e-05,1.09368476647e-06,6.82364937633e-49,1.81139770086e-117
0.544317503645,0.201654901204,0.153844564398,0.874515218164,0.295525704378,0.418059304284,0.335063201371,0.888821211351,0.00922982799757,0.286747642524,0.100924436311,0.160816193842,0.732706085804,0.520684135997,1.84212894256,4.34687391137e-06,1.47793573095e-81,8.36215279908e-70,1.11344795029e-26
0.75801485247,0.327927361005,0.492240416449,0.217286493915,0.0401159914661,0.989698760234,0.162753924025,0.620572922589,0.445683866608,0.488137352852,0.974295405069,0.688222501751,0.183377292497,0.682869044171,1.9767367549,1.5679851476e-66,5.12620140182e-31,1.17444888445e-48,2.88297076553e-12
0.908051439339,0.824058611788,0.14429640214,0.423013370219,0.21360629566,0.0973521560073,0.549749497464,0.0624848418435,0.823571716463,0.515166751334,0.518850752547,0.80326817553,0.722287138885,0.542439903393,1.68650949827,1.14424258265e-37,2.23181878889e-84,1.04452514717e-08,0.00017145643329
0.285942587474,0.768083245511,0.50505584244,0.304254865096,0.897706791385,0.0224218459191,0.369401579437,0.422255563518,0.160831435439,0.357416078792,0.40140346185,0.388286348106,0.680940627358,0.035303257971,1.81560100984,6.01026241146e-52,6.1529052571e-30,9.907622966e-12,1.21066662008e-54
0.249786408424,0.846609346405,0.736281400821,0.637167953471,0.225638020769,0.629404239372,0.220463290923,0.64886106806,0.0835741581762,0.266576008347,0.632957145857,0.156921072617,0.292492072189,0.703726240195,1.64016225784,6.8611855362e-20,1.3043366058e-13,1.51116734498e-07,1.47192960916e-60
0.423976586453,0.520381404636,0.561105660565,0.728181124371,0.615209781655,0.642794474376,0.467232660706,0.6506391089,0.381289324515,0.172959573194,0.510880100283,0.17957480373,0.723886462119,0.0311501969613,1.55121302931,4.0806846466e-14,1.9554932443e-25,1.04464378578e-28,1.32123087085e-37
0.306059614586,0.115224037323,0.141615328836,0.830077362779,0.0564545241608,0.853355028109,0.643598153116,0.845492232175,0.288527406483,0.452121596815,0.686627479712,0.00468270902912,0.167039042326,0.219616006516,1.97823789445,2.53662005696e-08,4.01259111884e-85,4.43309695201e-94,1.18304454027e-51
0.520375411677,0.277925179601,0.55477191899,0.374558052996,0.573514422827,0.990388242635,0.436110206881,0.519416002627,0.145469577354,0.148596367943,0.123284480339,0.573547560494,0.140339140792,0.441239724356,1.77965274895,6.2859226185e-43,7.20945050803e-26,6.90628736634e-56,1.1971040332e-28
0.464967205074,0.251744209803,0.775220395656,0.753118312989,0.632997254084,0.176201264852,0.90187619958,0.919902895862,0.0260912563512,0.33374556663,0.538054198005,0.394052457892,0.296158441809,0.733636173223,1.82139709209,1.38945769664e-12,2.50636052602e-11,3.56840023108e-60,1.58036266146e-33
0.698825245923,0.372027025254,0.642666725444,0.0550234319304,0.253071504585,0.299556020657,0.478430375313,0.884050407589,0.235153583373,0.358836238125,0.267639450934,0.885473478422,0.300082968927,0.164321531051,1.69441034821,3.01929780007e-126,1.67386307429e-19,3.03799763478e-43,7.27774901076e-16
0.123702350243,0.627848429627,0.845474352037,0.463046976204,0.590075733276,0.657472388922,0.813459929893,0.0138989448257,0.235127767925,0.51756476703,0.477908698631,0.0153841036517,0.353363727378,0.692524144451,1.73183671009,9.93418101871e-34,1.39530957247e-07,1.65999986071e-20,4.70350827946e-91
