$0,$1,$2,$3,$4,$5,$6,$7,$8,$9,$10,$11,$12,$13,$14,$15,$<0,$<1,$<2
0.906631835418,0.115550459626,0.748396701001,0.234607828856,0.600767284784,0.569832892032,0.760604106901,0.406712050687,0.284642598699,0.0788733797603,0.562617186905,0.720441250859,0.716865575339,0.75891001159,0.0765050206795,0.0295433908147,0.196590617954,0.0390930782546,1.46604482784
0.188625398081,0.620945567986,0.998621492173,0.352645616506,0.566761372704,0.561599427139,0.0437366267197,0.298179216696,0.126087189514,0.0896226564232,0.172999777976,0.100120376257,0.042324747254,0.861645201394,0.00214603989288,0.00132739374204,1.16534191453,1.72024312764,0.634307825083
0.946676388137,0.94211593611,0.725281467268,0.25245062615,0.575001341066,0.318207226806,0.264349504514,0.234868615252,0.390317652883,0.655359518362,0.850628157408,0.467199704261,0.506797090867,0.541804037188,0.00388753945867,0.00162783204216,0.00915280187514,0.11051806372,1.32182571632
0.219913109345,0.403980600271,0.249001104396,0.0218592132109,0.874047988012,0.0846053132067,0.578326358631,0.903782364295,0.471980082544,0.629825115905,0.938941537272,0.254806195718,0.141512060946,0.54718310116,1.31818029949,0.0452793248557,0.543907156428,1.05025328809,0.637537031135
0.442922923613,0.378477366336,0.349944839346,0.462275753208,0.766685768119,0.460223609388,0.751631533367,0.333684117187,0.741221283486,0.440393759153,0.199576923344,0.684244583161,0.281502579574,0.56141980251,0.568062511387,0.504434923246,0.465456444848,0.602381747703,0.898065718536
0.0204367465551,0.836470001828,0.555198632908,0.225176599061,0.6189274866,0.510316495052,0.384395461745,0.338313987783,0.462251106552,0.179269066438,0.208262987941,0.619695969328,0.295122362277,0.382812708166,0.201205933031,0.0742922053322,0.255320601125,1.26945434466,0.042148920234
0.911623167777,0.999877728329,0.259383957199,0.789612658648,0.657765557437,0.131083577158,0.568147371545,0.599843230945,0.419898443112,0.277688897618,0.492116862898,0.320030032378,0.967569629417,0.0696241186799,1.32053280234e-05,3.84931664824e-05,1.75636787773e-05,0.230775629149,1.65169246704
0.960039633626,0.943701957542,0.366267959169,0.885896740626,0.435723843566,0.676358899074,0.402684430445,0.378790250556,0.587907991419,0.687530335375,0.19246985115,0.801964495859,0.158391267846,0.869185026874,0.00127697946675,0.00704823406135,0.0046453180689,0.0962893950615,1.53800803477
0.55476025462,0.914109948161,0.543984921953,0.460161528717,0.410423398065,0.482344243915,0.748115167713,0.440238188537,0.271710822523,0.172141936289,0.569113163398,0.244189623324,0.735838192547,0.534763575524,0.0579917512994,0.0511527627838,0.0888263281167,0.867611921998,1.04081852861
0.396330979385,0.308225467161,0.834549138569,0.0234425358244,0.770052930551,0.257761930088,0.466484590301,0.3770995521,0.233094226917,0.371524473647,0.795376167821,0.995330594146,0.547951680651,0.2269066195,0.303750529033,0.0111902004669,1.14310931635,0.622061479713,0.95925525256
0.309967985655,0.429981450685,0.959122336413,0.403952959179,0.607068218405,0.975046635261,0.828347794973,0.264137712035,0.62717755422,0.807171648348,0.796862830223,0.532676251497,0.196391522359,0.522629324687,0.0603448879581,0.0444182185959,1.16533698485,0.935483055441,0.792125359582
0.291172177714,0.110809924037,0.952139563338,0.537866261656,0.319606745599,0.950859046049,0.538390962524,0.381966912487,0.543561038484,0.281380676227,0.382281688141,0.668424320783,0.428933704742,0.290607855325,0.0613300605392,0.0690970509777,1.22660792816,0.216296721083,0.614710565485
0.189945773735,0.581338447351,0.580108298678,0.0376682676269,0.975574408061,0.627869596361,0.226347186792,0.324603514468,0.584266761153,0.722220948707,0.0666517885303,0.78245153211,0.301569572745,0.700067722999,0.625993994218,0.0370828347511,0.80872539505,1.32506006921,0.51490599726
0.0633407024318,0.182043362593,0.918319780132,0.417905147691,0.473714904799,0.698523322001,0.979300289469,0.606266184804,0.538179346885,0.744438449361,0.356016647068,0.11208355179,0.895617953159,0.355452259887,0.163619766944,0.126056341455,1.60099390643,0.47461048784,0.167964157113
0.451116371894,0.868182834752,0.874856774045,0.0577664426245,0.550054652542,0.284670661108,0.287010742583,0.344428646613,0.35073057391,0.805457542748,0.217156825878,0.137767026568,0.166864194406,0.117237176767,0.0516962139661,0.00470379594257,0.260661538901,1.26520608239,1.1080999302
0.00877759432467,0.981788590352,0.31612166352,0.0233281330176,0.693752348331,0.294770223865,0.16286267674,0.117695351822,0.563870034955,0.746908060542,0.519190358842,0.318790341989,0.6636940324,0.931081458955,0.0414713565751,0.00152034639208,0.0224862564143,1.64952077393,0.022754034634
0.264826996766,0.484427624362,0.151414848755,0.0362818696817,0.293165969314,0.392048382993,0.934661774049,0.50854882319,0.0498743035977,0.500443327265,0.592161656202,0.506565879672,0.475369840696,0.471001925969,0.9358457795,0.0533930067668,0.227246561477,0.918451541637,0.588376739152
0.0445655475158,0.483548852752,0.68106494934,0.0762543550798,0.771080887021,0.21837893525,0.938670493841,0.320435086869,0.72213409317,0.501694578267,0.249649478048,0.453853608811,0.57488184609,0.942497686133,0.583984270455,0.0702861312775,1.07418207649,1.16296761243,0.118421317788
0.225972914402,0.177683782095,0.475972537343,0.968166661512,0.257053127203,0.282441193881,0.864669788867,0.713491076709,0.010522853129,0.476908175828,0.632932588471,0.545565816176,0.431756236347,0.13045558912,0.0557004692533,1.11299858677,1.0332944799,0.435531477639,0.585972210033
0.038198412161,0.731738922908,0.788566956208,0.359279505042,0.770733324427,0.681837681064,0.26557183544,0.0850595317668,0.499961893228,0.633074969025,0.487478171638,0.0402528352311,0.659378037015,0.880763506625,0.194936705722,0.123401344678,0.668938365402,1.57865742618,0.103927492756
0.393485813935,0.777096229294,0.0681962303816,0.21807997053,0.647227319153,0.519153509626,0.488446526656,0.192791493494,0.504792883051,0.495733803636,0.67193083659,0.11228879601,0.741397863223,0.0938350858098,0.397877108215,0.141890514295,0.0454245821097,1.16340503445,0.880640423942
0.158492139635,0.947349863107,0.929018009536,0.184742273825,0.780359283901,0.229673454114,0.512775505861,0.882524341674,0.739426300595,0.304226806726,0.450203064615,0.60348402863,0.780944917753,0.504014411459,0.0126837554506,0.00378765380542,0.118228934862,1.43521781376,0.366131430981
0.999711966285,0.682846208874,0.872386736377,0.2353665355,0.758542975249,0.915719017311,0.478097565538,0.573982173875,0.552560606814,0.590015401493,0.523677715356,0.869809663786,0.888410028488,0.434480824034,6.21724391654e-05,2.40938653728e-05,0.00032816582225,0.000615632232858,1.54896001573
0.813782522088,0.934746227725,0.645955496325,0.984788366667,0.39054935424,0.694983071933,0.537080445456,0.632922498409,0.599941092005,0.444231417987,0.42385486736,0.682890955796,0.87848338681,0.324180397663,0.000482123210239,0.0201734255993,0.0324646610905,0.37161888322,1.24051815937
0.407196064225,0.800100616488,0.664235991584,0.33538074365,0.708922930229,0.770069135424,0.539034352374,0.0681404223492,0.417318421337,0.214740060679,0.477983174762,0.525900394575,0.409030449221,0.35975728043,0.153301212347,0.0891670901643,0.304483639174,1.08505679535,0.848733675298
0.695147330447,0.0597905060767,0.10017171195,0.915613651001,0.631075239712,0.883436027622,0.65918822735,0.549542733729,0.199960594053,0.782388843437,0.143816420775,0.489198643344,0.497550755426,0.168714887874,0.0957194258431,0.71788344778,0.114908083745,0.0690734050116,1.41870587512
0.0536746025163,0.507730292852,0.665968278309,0.660089919452,0.331045478,0.91497000743,0.560893819238,0.756351534679,0.479482372544,0.195525898923,0.259058955066,0.540559772398,0.0140363068163,0.298457706675,0.301603229545,0.510147649677,1.02387669859,1.21210574678,0.143141314177
0.962259133047,0.910249181473,0.416839751614,0.705758198274,0.559148627583,0.0683810909749,0.204471380233,0.241778314385,0.671462511033,0.635581829871,0.697063899081,0.495711903019,0.794698551923,0.508152018021,0.00446796678551,0.00896850297827,0.00769280662377,0.0890091950446,1.51469153738
0.435157686325,0.881827571424,0.940718316714,0.706452791344,0.933898842779,0.172798979872,0.842718370351,0.364424998976,0.340460190289,0.00141626139813,0.543337907253,0.446158596144,0.0999532867797,0.441036637413,0.0110915864206,0.0223250206458,0.266930261021,1.42764043103,1.18319613483
0.182273750983,0.927697830884,0.976084713225,0.777408615152,0.534053360653,0.646711066822,0.553300277199,0.242697121743,0.594042354678,0.821193993319,0.0404634151573,0.182099432283,0.231669429326,0.469417964609,0.00222240521912,0.0060950088282,0.17261575668,1.51440781283,0.448738596277
0.262508176723,0.784207849642,0.412449431991,0.730772363338,0.548183646011,0.524065543497,0.486005032408,0.0914891010255,0.368393821319,0.62822912375,0.328995804145,0.404294787753,0.665942697737,0.501615287683,0.12657832021,0.28124918812,0.233429641031,1.09707049145,0.508838614217
0.565957103324,0.937010588845,0.984303995318,0.462883837841,0.405649064361,0.742575980928,0.44264583848,0.526696899776,0.160079322121,0.33321590791,0.0517109209165,0.3118608532,0.630015508162,0.761000487983,0.00176167935332,0.00156736918381,0.095619539447,0.963542258877,1.19300252259
0.117762565602,0.470266295753,0.585782781652,0.674699155877,0.445123034548,0.71962074384,0.171420505498,0.37374424674,0.409522646571,0.59640627595,0.126022895098,0.741356530768,0.810042812071,0.938799213934,0.361521072364,0.644827360844,0.971131412666,1.11149410672,0.308890884591
0.766652357991,0.0181666145549,0.711239366325,0.83130614271,0.867130831684,0.36203221075,0.332124399897,0.482001514348,0.258867453094,0.738680566011,0.699497105151,0.910346339095,0.665999567231,0.829653368234,0.0674991844747,0.248739422309,0.528705808985,0.0167889299241,1.53278584616
0.3860799961,0.665650625404,0.184248972383,0.176253751412,0.739836702442,0.166912975076,0.397941456734,0.395131492381,0.439999606647,0.723948334396,0.348358106434,0.907401462607,0.515290300579,0.460038655719,0.544803105573,0.15480928194,0.168653248151,1.0197908068,0.817566716278
0.736493363105,0.713498075615,0.0703015752284,0.793247885197,0.471969113641,0.331379583818,0.351258957001,0.00530963065953,0.322997365283,0.390121863612,0.491987525665,0.324526628647,0.514844942774,0.163652008223,0.0823224791679,0.244507730337,0.0286065391196,0.537312169714,1.35837837832
0.763889626429,0.645651957608,0.046256834838,0.461128320154,0.399472409241,0.175307711487,0.265182327416,0.392975740357,0.510080514214,0.69413415989,0.345906270953,0.910171100937,0.755688927036,0.425864094691,0.212077157907,0.187640240052,0.0206114789555,0.456290122201,1.38195604499
0.555504187968,0.968704306003,0.48135991729,0.311821780775,0.44385638641,0.367669889594,0.263738037508,0.204150232184,0.326890071511,0.612752641418,0.863877511374,0.949965231794,0.241351449942,0.139661483295,0.0352515573788,0.0187940928381,0.0376751396816,1.11612084618,1.33153166603
0.812044403636,0.819862482849,0.958698257334,0.169985169416,0.651487090801,0.662056219381,0.727073543254,0.669529176713,0.141559624574,0.88223834807,0.347961033541,0.385180456027,0.742938839841,0.74110524693,0.00791255374831,0.00216443163382,0.126266358464,0.435177004772,1.49015765195
0.0313344164588,0.557160380407,0.638975829195,0.256165024206,0.754714305002,0.719359668852,0.557303895519,0.980127745246,0.811957976608,0.234766732784,0.4165079101,0.0216614053305,0.484589921428,0.740890344588,0.572173982868,0.243520177462,0.976387703754,1.38664778401,0.0889791593817
0.410766010104,0.767396369858,0.693211906171,0.081523953444,0.682726514177,0.560601728888,0.0270357247992,0.820437037395,0.353779157771,0.886900274694,0.822189151128,0.575364095782,0.615298994668,0.0681413282856,0.241943457981,0.0311531580149,0.46639918626,1.37587810667,1.10882235623
0.332825605963,0.380556261487,0.183655169609,0.373553083326,0.68424875432,0.768110758998,0.91622024295,0.757510328665,0.513676876917,0.216649610992,0.878252225323,0.348621213978,0.957364065687,0.196748236975,1.08229245585,0.719612011755,0.385701011543,0.923075817565,0.945187308863
0.403745908431,0.728769386391,0.0802421850875,0.337188529402,0.138583670537,0.343028126009,0.142945492691,0.54058397184,0.969779046208,0.125550066155,0.00907063599336,0.574399888849,0.423205261093,0.601818218153,0.543845784878,0.318396147051,0.0798555812413,1.39966544296,1.13062463799
0.229071707691,0.902404695882,0.272630274363,0.0960641410916,0.796370380901,0.105827711964,0.818378523091,0.749800988337,0.00433481229616,0.116407730135,0.656839442834,0.379371478754,0.156092884372,0.274532962539,0.258114016838,0.0392470200063,0.119183525062,1.85741597437,0.707057826393
0.281767452734,0.901885669643,0.340514732812,0.211691284816,0.802561901142,0.335559008371,0.927681855906,0.276643101417,0.0276546733091,0.444428492561,0.125057415834,0.396774561231,0.811408933575,0.505555464934,0.205961555805,0.0711282708042,0.129102233031,1.63033718712,0.781982833585
0.342331818116,0.896520340766,0.373352700852,0.611235139112,0.469426848288,0.950230834968,0.635346705119,0.892768962796,0.760126893086,0.448401099721,0.0214492323225,0.560127716435,0.278229648957,0.247946377,0.118950858701,0.169949892211,0.13783337513,1.51872283737,0.917792752807
0.195508131905,0.82295056122,0.57025607787,0.537179217203,0.495153902787,0.622126229663,0.561797108967,0.223632523475,0.227904603766,0.704198756743,0.161059884704,0.366160878783,0.92723803674,0.728109073875,0.171542311243,0.192847244509,0.322430106046,1.44658433019,0.477096745664
0.141042834944,0.947319426262,0.892783786166,0.125377607985,0.47307946182,0.887892006909,0.956715171534,0.454847755403,0.347324767164,0.964280495635,0.397208879776,0.624163824885,0.874874581826,0.758698299481,0.0243109973258,0.00485075029598,0.14580297084,1.78316496086,0.403031751359
0.944493657329,0.209916434867,0.0509982601165,0.995510306614,0.519896653326,0.43415554657,0.351549205244,0.468175728624,0.812473635385,0.458844589835,0.994874390881,0.0489934759443,0.431481665626,0.761439294207,0.000954729784457,0.135374451928,0.0108680877726,0.0464793905104,1.64220632892
0.795621866699,0.958869237865,0.0841463747664,0.730340694422,0.777376655405,0.383890747149,0.321052714346,0.132426178925,0.0261959635475,0.406392201013,0.187033575416,0.597707218999,0.463596970621,0.711339982778,0.0136488516241,0.0302720398479,0.00441490159291,0.517773178356,1.56028039398
0.708051131603,0.557029201999,0.00196951199553,0.180975527804,0.0820511778634,0.644996250034,0.733905109552,0.248760357825,0.925265651326,0.929964984717,0.165073542376,0.451527678315,0.925286061863,0.379428429939,0.541809902876,0.158311052678,0.00174629115787,0.675877169438,1.78366001453
0.973930001135,0.753422281601,0.0449467961534,0.99719054359,0.747469735366,0.23025428512,0.17371504866,0.521750597471,0.842684049947,0.187584897885,0.249787173804,0.312195921892,0.694278046284,0.204193406578,0.000114296471441,0.025899288207,0.00183161048746,0.0636488109877,1.67768917342
0.983599472119,0.963797361067,0.49007865807,0.335638053436,0.155070493325,0.855738784617,0.921845724797,0.355694455,0.767732723446,0.457754499224,0.308225670936,0.348563424477,0.799034742131,0.936172010662,0.00168721380309,0.000982274609057,0.00189239761442,0.0477610203427,1.8565318392
0.96459119213,0.12717698076,0.304368110393,0.0686980700717,0.99499520785,0.42884066997,0.855304692011,0.172454258649,0.946257370729,0.493172439134,0.591956371568,0.550631443084,0.645458227331,0.00592515059431,0.0942223509353,0.010207248551,0.0491115630166,0.0216121437878,1.95606184054
0.868848888578,0.937194095309,0.983728462794,0.585032854387,0.159107753536,0.752349951875,0.472290228935,0.43217923434,0.259304817969,0.305317518911,0.917256718265,0.971099504842,0.912439096754,0.525497261371,0.000577217198826,0.000756416692424,0.0372189592511,0.376160820852,1.80881059807
0.979331797594,0.544919333735,0.0318798631814,0.0699251291562,0.409797641973,0.617101962436,0.847517533696,0.245706226579,0.607304261944,0.802834577671,0.16884317979,0.0168114831943,0.0781637322236,0.495448402612,0.0386882531632,0.00426661751275,0.00195075946677,0.0448993687092,1.8306434336
0.91600595642,0.989762061146,0.281429306787,0.718876521738,0.791822215263,0.722085522664,0.903463251327,0.625565447234,0.187262293376,0.818699994671,0.225406462006,0.364276742372,0.823851171403,0.189863075918,0.00147694673603,0.00312434788465,0.00163568808674,0.237727829009,1.79158549555
0.983314812442,0.847757605733,0.234240198002,0.63805311128,0.867906173748,0.194480049656,0.843403092343,0.0901553144398,0.186602928537,0.666593409732,0.504099167157,0.336480764728,0.593386502456,0.66827090293,0.00531488903152,0.00831858462006,0.00380546414246,0.0433933879252,1.7037729708
0.858092598427,0.0382583393592,0.00280602452123,0.589378098524,0.265513747765,0.969772816528,0.136551384064,0.386660819824,0.17118864518,0.672652222133,0.371672593151,0.782281247777,0.554088800185,0.00379487361469,0.252570142078,0.335708330338,0.00185172448015,0.0252775915484,1.8567293086
0.934518520035,0.0722952745827,0.870393561544,0.271964975372,0.287500553235,0.266045292125,0.115706061594,0.865921413864,0.111803469749,0.658766940256,0.801410101706,0.748581873515,0.904465009651,0.49495274144,0.0351718769622,0.0160115869013,0.187192081589,0.0217998131874,1.86373045645
0.470817043793,0.446624906161,0.461587918345,0.551844508424,0.788223894802,0.906490096014,0.401437525614,0.11664072502,0.381927252278,0.714592700162,0.839980021297,0.271759783409,0.0253283574262,0.39630244809,0.510844637075,0.601643314967,0.699335920029,0.891018010323,1.2594472625
0.642327547866,0.295680324914,0.44077631142,0.493695342938,0.165545352206,0.758324665982,0.505639404226,0.726661282356,0.792212147988,0.480021925423,0.175778283604,0.386047361258,0.862256102196,0.957393628042,0.464516708704,0.455406109632,0.539490769582,0.423409676039,1.50158155535
0.487504069418,0.511837931843,0.536537336134,0.227267842528,0.440496880088,0.637703403858,0.845805202332,0.864838772492,0.101983203413,0.883046875063,0.426221651993,0.322325267011,0.699804121815,0.889027026459,0.563942615136,0.210334791519,0.675270678006,0.938861303337,1.25353235138
0.794451816396,0.886382067794,0.484437670847,0.572293118763,0.31947051373,0.189603805035,0.0486809070181,0.59051299181,0.558466549486,0.406844252696,0.308717703163,0.145072625718,0.709455823955,0.520320451324,0.0396016454912,0.0497974737358,0.0605875145085,0.487041620165,1.47916452461
0.515569318646,0.410327581995,0.36007471803,0.040127623291,0.999228498427,0.827568293029,0.416718328645,0.223768658778,0.0817272349888,0.689003936605,0.14627199527,0.708553504867,0.903381525822,0.623402564353,0.927567880233,0.058544312649,0.589976821108,0.827431629985,1.44620617887
0.584311207695,0.228727217583,0.159300951096,0.723722891247,0.889909689471,0.279269177807,0.683405754495,0.207789153103,0.242716124477,0.0740356063209,0.261350774439,0.691482996133,0.466805935961,0.190615638163,0.40729580796,0.878851492755,0.247571894027,0.375503159538,1.39624373036
0.629076320276,0.411296894276,0.855014263722,0.985934160136,0.459195385867,0.54599827824,0.195040035596,0.675083400062,0.958247357513,0.235304565895,0.3388860162,0.0380677756752,0.731911194217,0.866038653535,0.00402046524362,0.181936605832,0.785199883493,0.607742754085,1.5319059369
0.676647862299,0.0986850043432,0.834684934461,0.335312570805,0.755455463244,0.0677921569737,0.196118707347,0.143420755657,0.882151402554,0.717863464572,0.348316986162,0.533101493265,0.588732434558,0.733016080614,0.186800045787,0.108624794859,0.813351116948,0.131509631235,1.53023946567
0.739400714405,0.955206817328,0.354139361738,0.603990001632,0.723159379908,0.38238836958,0.966945971504,0.0803249553364,0.507419864905,0.532046759332,0.614469626917,0.386039433711,0.24349537093,0.149990988201,0.0231689169581,0.0323132431389,0.0247226707831,0.664333731575,1.53502648388
0.858077921509,0.468070628494,0.0405903062412,0.964377964332,0.904061855702,0.321207709133,0.484433255857,0.426633005914,0.0722671347906,0.649858366573,0.719489644987,0.878097766235,0.515787018048,0.443450932935,0.0146505983534,0.261555084632,0.0167253288781,0.237404984147,1.56123614269
0.90011718425,0.851647258041,0.745644472013,0.816787930808,0.594772238357,0.693826191883,0.183072573912,0.795996766394,0.502520009481,0.286502020536,0.696047137173,0.0413112455268,0.208068474901,0.67234261516,0.00654938805625,0.0221258391754,0.0546470372318,0.249928654138,1.62375857781
0.941006132976,0.756511114099,0.196036019239,0.183438520891,0.738309809167,0.765015502456,0.28500114473,0.216462617552,0.674437902395,0.756406476185,0.558891905893,0.418683276456,0.417224762023,0.0624286481191,0.0491680190672,0.0145730679603,0.0163102936791,0.133770859105,1.55153109137
0.893275975102,0.788139240183,0.289119057325,0.948692339505,0.892308846559,0.174512154756,0.619355218149,0.721582187311,0.593426620994,0.162700691926,0.440417126143,0.649833608969,0.816904216502,0.395976222224,0.00624238540156,0.0772870550902,0.0378528794422,0.249634445292,1.56075046905
0.150233497742,0.761219778306,0.601591276516,0.784586983688,0.242379707625,0.347590227207,0.319464564098,0.575789884991,0.957369004195,0.175338953824,0.40186167272,0.027692279556,0.966175691138,0.286032727884,0.134246194589,0.381485337471,0.559568230244,1.75359250619,0.453186065859
0.319778745179,0.822553477557,0.539084355821,0.97432308051,0.526529377,0.050546956551,0.989465626365,0.810918294718,0.0415149204797,0.183659348438,0.152829368397,0.525213396311,0.688595425942,0.825365307354,0.0136021205691,0.337060790901,0.381523991963,1.7795284093,1.01673987339
0.249066050738,0.747549448594,0.311639556062,0.988771832725,0.710320201946,0.221583359293,0.771174664362,0.214555652402,0.874389825152,0.901748344683,0.978309866242,0.908874481646,0.208768034535,0.493323127068,0.0114438049172,0.648778814053,0.345706678318,1.75584638204,0.785212113314
0.286088301742,0.803008368098,0.756148262705,0.750003320804,0.780451842951,0.964073458427,0.0511397905359,0.540394062892,0.637551485194,0.387677832547,0.683900950754,0.82458463475,0.0408941396867,0.0631884772501,0.0811815762105,0.195992553959,0.526476499296,1.77542749149,0.898982270797
0.517288378806,0.871822326798,0.952444158524,0.461201780261,0.262821623896,0.135070109741,0.658727410413,0.864007725286,0.363933140543,0.124666991932,0.410289640011,0.861804480239,0.959448186996,0.0738239654523,0.0156647298581,0.0138629600847,0.279504551781,1.37323484473,1.47981409876
0.505213781908,0.937291839853,0.878102762999,0.805239744481,0.777826744616,0.833225489857,0.0181753322886,0.781232547839,0.747992958913,0.84294042303,0.0963479199874,0.139749527,0.364236860091,0.19521987525,0.00823249892572,0.0260650574447,0.141006797659,1.45344538995,1.48464597451
0.469133133741,0.703698910342,0.892036367551,0.47601457077,0.972045572725,0.449252849367,0.0543219541366,0.44652807425,0.447786329459,0.825646603449,0.228421878657,0.279251139554,0.67833769031,0.793821934266,0.0730605357918,0.0677527125671,0.581899262301,1.17549836093,1.19367051502
0.580241590108,0.851374796901,0.855926831009,0.139606167023,0.244157324805,0.104896131909,0.35957431424,0.0125807868166,0.586490687003,0.624387817007,0.446486568728,0.956495140328,0.342475013057,0.63031186156,0.054468651586,0.0121398113956,0.242363219424,1.04587538768,1.3870188383
0.578711733138,0.818035389036,0.524629450785,0.405433462984,0.458136932579,0.604507629767,0.427082337311,0.905076129969,0.990366029592,0.448151895424,0.259392201257,0.993664478181,0.382497145359,0.828985798398,0.174929242949,0.129388920495,0.235103717573,1.09003846846,1.45859020932
0.473787695551,0.841973751319,0.843405772732,0.126977157544,0.853877549799,0.404841703041,0.628751162826,0.181073631295,0.328397367083,0.869769740389,0.318991383482,0.738842509527,0.818873394685,0.0857120184854,0.0768631696695,0.0155373491178,0.312344884879,1.27059756076,1.20704559234
0.695187692342,0.644729639883,0.168747378993,0.00345954209382,0.198920443147,0.769534108559,0.25313477985,0.835222374186,0.0423649299908,0.390338093414,0.836015616157,0.321921988206,0.77087051774,0.965881145113,0.46925930435,0.00255009091353,0.127384810586,0.778936672456,1.76897805156
0.759167503143,0.371345526306,0.00378231510164,0.481923972663,0.197846304664,0.194857741619,0.972676581815,0.128801476389,0.0364863093374,0.691099460099,0.436816458521,0.495485315097,0.790118550362,0.32815713144,0.429035172362,0.405337819444,0.00350673560206,0.389502900963,1.77931550492
0.883082046361,0.094703381125,0.641854759266,0.778718038012,0.098723365332,0.804098124468,0.26317970412,0.937521235815,0.92100873989,0.933800558792,0.697587206484,0.134749707872,0.532880142296,0.954676124369,0.0737204667943,0.203479903033,0.343233862899,0.060811280745,2.20891558037
0.557578644711,0.923468827307,0.225645459003,0.862798027459,0.315458318963,0.711641328742,0.730437127225,0.0014766450436,0.473422051201,0.336577959806,0.224937888983,0.75950905238,0.951676087954,0.997917710229,0.0308470678361,0.140908075535,0.0533810139377,1.27325300491,1.53833642501
0.752327605159,0.129510498043,0.12338209509,0.57694684909,0.663216354111,0.109761075045,0.486290512158,0.753334670685,0.0642210899717,0.505913507385,0.372446695607,0.862651563347,0.794399433389,0.185767575827,0.397092545235,0.506890173385,0.126381346286,0.135365422668,1.63442883496
0.722225425607,0.354434172944,0.109367228488,0.103312560271,0.552053312866,0.579946450443,0.502720555249,0.925289876807,0.687704829834,0.235978451943,0.162515978227,0.0275085003535,0.744809797808,0.142326901048,0.634907385244,0.103948798981,0.111625547345,0.406424928937,1.64941689335
0.872036998709,0.648474961874,0.325119924154,0.965673705338,0.649271520388,0.180483985041,0.481805232024,0.560230196373,0.0820160966748,0.61943665215,0.775035462372,0.539342858218,0.00731368642676,0.642459646093,0.00816151028749,0.151217677977,0.0848467011123,0.281750590771,1.62416207905
0.426773108979,0.625343327019,0.82816725006,0.200636401433,0.131302743914,0.842938721303,0.862054818124,0.324914611177,0.498173591508,0.882045141413,0.72498018124,0.055310390412,0.604621940593,0.149781767591,0.214289530896,0.0698637977389,0.814667550845,1.26651650731,1.20727427576
0.536310562245,0.786453212016,0.0813031721759,0.766495664756,0.902201015923,0.161896865396,0.573292536357,0.53859783383,0.968607495178,0.438135448641,0.206643054433,0.0595727632483,0.814781049851,0.844614185704,0.156211858778,0.406619312934,0.055934347422,1.25976351952,1.49569733399
