$0,$1,$2,$3,$4,$5,$6,$7,$8,$9,$10,$11,$12,$13,$14,$15,$<0,$<1,$<2
0.336893864602,0.799003131488,0.578708798685,0.992955228976,0.147846671216,0.538897215856,0.985303451826,0.388888551161,0.843143667746,0.328172852618,0.231128229123,0.292559551064,0.643218869758,0.705668940496,2.12514001382,192.036181701,246.552521531,956.746354949,588.630715261
0.144361775326,0.382517926694,0.933555799061,0.397080746133,0.236765624569,0.606813693692,0.193139505278,0.342706284694,0.481008714654,0.817356840848,0.180117920205,0.703420228349,0.716733717284,0.547785539637,58.6299813629,42.1877683592,689.547598171,475.19955931,193.939027162
0.916864810478,0.778623279858,0.0633447468314,0.89184619388,0.40090065076,0.481599001695,0.800998390809,0.0160094290037,0.514948153986,0.0816357700626,0.425659916519,0.0854356274331,0.630755291492,0.569235325369,5.17305859999,30.1563775832,3.05452632485,84.8324271368,687.041881023
0.17534503589,0.445647883735,0.365264551125,0.828693234052,0.336135990425,0.625335083044,0.588964773031,0.554093060334,0.486774451069,0.586756996918,0.2851533417,0.920042590521,0.67721584219,0.609432906273,131.178593414,475.669826719,318.891999355,494.870495102,217.090965735
0.95522407879,0.998122717158,0.823736826512,0.199795366106,0.937306043208,0.444732589221,0.785919238804,0.544114759855,0.40217422704,0.859550519892,0.307713431375,0.295947218661,0.329044877346,0.756036799974,0.0630697409141,0.0204701900973,0.233339100948,82.262156024,1167.67131528
0.989154914473,0.390457972176,0.708701769325,0.895170973954,0.772315888288,0.885635844723,0.422736776876,0.275588644192,0.703877509137,0.181651992064,0.658090916286,0.093362671063,0.199136322488,0.951885266331,0.894148697164,5.38093886775,11.0772411186,8.69120290856,886.276045836
0.026652586631,0.904061887345,0.422070427548,0.404460105137,0.950662810792,0.321555788502,0.439541256483,0.91970567385,0.984806287969,0.725719465411,0.174297909791,0.693447588138,0.00457076952423,0.278926687191,93.1547200187,68.6831200985,90.3796255276,967.041038738,40.9739878972
0.901013247758,0.913991976658,0.385462609958,0.012272219355,0.81434631329,0.695301778083,0.347955702433,0.286512867575,0.200342176445,0.300691962585,0.815372351293,0.298874111234,0.598071902325,0.594683099621,6.43680149314,0.12409860593,4.45649046585,57.603192945,370.856050207
0.116425362527,0.712659568437,0.441082703695,0.984703650746,0.0626737662148,0.704581980116,0.182680460981,0.64122667019,0.23742510073,0.238475775109,0.870150412976,0.32694735466,0.930068836349,0.774402517067,10.5310163761,438.206720078,363.878229905,1175.27841733,241.554021647
0.112803869595,0.301021282592,0.135597222051,0.829677592077,0.344714992561,0.0631712372306,0.667066479902,0.187495643371,0.0882549008876,0.0648190145937,0.721054351843,0.960353306864,0.395670154954,0.767433386684,279.597418938,1020.00617366,228.740781347,553.538620786,217.650240009
0.0418129319247,0.78997307043,0.982551443802,0.283690805562,0.736388072536,0.461602065898,0.879068534434,0.441327839159,0.0743151165137,0.465280299425,0.50457894783,0.213328771779,0.651356503191,0.169390190762,10.3481000235,4.94292500704,418.312294953,1222.08059331,84.9633116744
0.991106299723,0.709904719407,0.759429668861,0.301488252435,0.202098314801,0.892614634478,0.787188727349,0.38409070445,0.0755111370032,0.118386760094,0.227720098139,0.989832063661,0.57537381891,0.903042697383,1.20384391567,0.616938253622,3.40765974693,7.481082604,596.315372617
0.638932963097,0.969226353645,0.0498975320242,0.0426647831346,0.372185812965,0.0651999592296,0.313654082519,0.891866869105,0.297011156076,0.67335624759,0.0869879659262,0.624041096156,0.700828444454,0.261881904389,20.9079346942,1.40330292053,1.64579864319,434.495440397,682.923162974
0.985212792516,0.789499302797,0.277381956424,0.55988958197,0.424565214341,0.423953006861,0.0882062588675,0.909683725479,0.416688039225,0.0329071645019,0.157055382507,0.803936344232,0.0757005582418,0.48867042837,3.67545365953,4.44129162905,2.68385287844,18.5256111757,843.092373478
0.21388071844,0.871863915819,0.115038621491,0.881437646183,0.518506712429,0.0431893827314,0.90649683998,0.635008186303,0.975414251432,0.482594456502,0.326789736548,0.403168322155,0.571716228394,0.783981141866,31.8147617795,168.849538475,31.390799437,856.03758284,305.088401432
0.916832191231,0.993457657941,0.95762141669,0.538063941084,0.807774460243,0.637131624477,0.112970682327,0.944664230163,0.142427588087,0.873832349224,0.351191613039,0.6061587369,0.816850088875,0.823239829517,0.0678136309235,0.0764495188075,1.53288186658,149.486933471,1137.81192709
0.999781955326,0.597014902276,0.716413536686,0.988554610489,0.336046870681,0.929966408286,0.217953754862,0.128941591977,0.208260060821,0.807386082452,0.223406345316,0.901778929466,0.343879351281,0.958816177491,0.00169123045163,0.0940601226706,0.19703136745,0.297572330524,1077.59698072
0.944392605024,0.898780933791,0.756897212852,0.997733186874,0.465746978592,0.590815201555,0.19130374256,0.547632721022,0.58526207765,0.267659884695,0.723913522149,0.919007611304,0.337646153224,0.485527617002,0.0179302752483,5.03558029331,12.5395988159,84.2724501277,974.628988041
0.159212399891,0.898243134488,0.166450889106,0.173798350216,0.324203385879,0.889663529046,0.709564646637,0.730738697371,0.0455776161509,0.403807591692,0.08946887961,0.425426473778,0.460724128673,0.172891839756,137.875061033,38.6039922144,38.312290935,919.363548106,237.872634982
0.0953339352419,0.582148953721,0.307313649179,0.834865083229,0.00358699656952,0.341324603986,0.818671618885,0.00436524246154,0.00302902421731,0.552138946065,0.0791920143369,0.781951551288,0.691068665443,0.487618093825,102.388277487,385.829192103,209.204960262,585.083160832,111.430217283
0.989429164276,0.129031222853,0.939140133966,0.216635006213,0.701793532204,0.638083755518,0.402256030442,0.39533836985,0.782018498869,0.198680337548,0.650603326797,0.26725632242,0.288340781961,0.423800402141,1.08356508824,0.383649877813,11.9873750066,2.47474770069,740.328838162
0.244678443987,0.972998296803,0.00588524327637,0.438419512198,0.162763208105,0.0939435999888,0.232970423937,0.073209322201,0.560339818223,0.559396420153,0.230012646888,0.924942421283,0.488725451049,0.407361626402,34.7472028186,28.6003819172,0.416051129737,1060.46666807,429.295918094
0.140583733577,0.726034258518,0.00830908555256,0.39679425087,0.0630642492518,0.0680630894391,0.781138122053,0.811852667976,0.614301304771,0.146859618657,0.209882876294,0.69122524518,0.435462917285,0.398175629039,302.047088004,217.134652717,4.85550356107,810.447620749,200.189795099
0.151825964255,0.689468322361,0.755218519949,0.256854883267,0.717159782283,0.581942451903,0.714924688349,0.518834566872,0.989155984488,0.0112885327049,0.0705416353407,0.41974572873,0.161343131958,0.715834162919,121.042958976,51.6714996387,325.251719383,661.342636275,182.008773177
0.169518359875,0.493123752447,0.908456725773,0.270921986371,0.951738408874,0.256343938285,0.317095908075,0.679220783973,0.47354038002,0.964918428253,0.584331264705,0.339592834312,0.533419328883,0.0870379425581,114.111454981,51.7223817648,865.264753406,855.602528649,333.659390054
0.357315684924,0.944831715617,0.298835919642,0.748810639017,0.0826520613023,0.128033184585,0.932198141501,0.896258148448,0.75957620646,0.961064589935,0.162251266585,0.571377329203,0.601863947389,0.695238901925,27.3620406622,65.7103144538,36.103994478,918.696743597,579.778958158
0.541100427471,0.490846550658,0.855938547459,0.206405359038,0.273493404023,0.849383580836,0.893140223893,0.727705476473,0.902191110686,0.0259044650163,0.88740880094,0.0857447293576,0.392513508101,0.688703864596,76.389108483,25.6728741668,350.024665863,348.998860291,570.042138926
0.369761705771,0.306105972667,0.831272286279,0.639737376344,0.167888978802,0.525394248036,0.318948307857,0.814892978349,0.266967118155,0.316179956132,0.105858279567,0.893455934496,0.981646215395,0.354032792062,94.3907725522,148.600522615,648.601064351,350.595192379,497.519030348
0.335820309416,0.807473521292,0.369537165029,0.514484614603,0.919906506867,0.667273733363,0.801460657633,0.59245991372,0.624199589378,0.754803329314,0.405985322759,0.17299607569,0.126330865791,0.212399579485,125.926061425,131.79074399,119.546282648,698.693171764,426.388340267
0.438963974143,0.245445291678,0.43073729251,0.645407865847,0.470494688772,0.41772749736,0.82914043244,0.669296439665,0.294250916595,0.183559113676,0.989281313074,0.508668894514,0.0887098009018,0.795117592512,189.833346991,304.822376471,288.377442948,186.920849858,409.831247825
0.274561682339,0.935597351396,0.860435979831,0.380841076323,0.522278980061,0.614332955284,0.712777452252,0.67436393568,0.474389648897,0.657554302372,0.922587497663,0.636487256186,0.593592570719,0.273359103973,15.7556291094,10.7379713899,85.575320432,863.695584744,399.490764355
0.416297392822,0.509475341576,0.940267706245,0.117924575632,0.232002147962,0.413142017459,0.569752071761,0.702418129323,0.100149344312,0.706608320892,0.639979083888,0.308792160617,0.450355233991,0.40391020266,38.4891591579,7.21223678201,416.127180707,430.596410535,459.912798536
0.262374858117,0.556830053455,0.185703986343,0.721295616358,0.541302572133,0.119134553856,0.348024692167,0.159926733187,0.596119298204,0.581030200345,0.694363672276,0.583532605463,0.921382171652,0.028165168917,244.232060061,521.773223135,172.986107112,719.779670445,410.083852607
0.36734837756,0.932827553603,0.851089578923,0.242941263034,0.773883720432,0.368769641696,0.578577351166,0.510739490093,0.696841901158,0.482792974817,0.946372170368,0.929533822014,0.292512670638,0.605782146539,15.2118405506,6.10424102958,68.7915076384,667.726463161,437.074685
0.446056201963,0.807909735986,0.517111861293,0.0105719979657,0.169601339291,0.239541051479,0.9521327415,0.386721829859,0.209577752189,0.726449448347,0.2664581277,0.521355633968,0.112659666915,0.795474573074,158.845502395,2.63810328979,167.645955879,742.079327344,655.50081649
0.522010915002,0.227913702762,0.00753795635786,0.950860821697,0.284568740171,0.306232777716,0.638584349462,0.14627863158,0.427098557339,0.93141089937,0.396430329385,0.79018098259,0.506018971601,0.0762022651417,42.7106348536,552.235803057,6.55863386849,207.23844119,633.799989646
0.980614007372,0.70906250552,0.797937634668,0.244282845765,0.115852251857,0.797869715234,0.995384611128,0.266746790774,0.00984918420809,0.0630533103665,0.129760073224,0.968283251776,0.498036192515,0.817851283531,3.33697213739,1.34723903658,10.9546914336,23.4494994428,857.858405268
0.616085794915,0.600712875911,0.0730360056223,0.260377322596,0.626598314036,0.778656084611,0.0331362444481,0.301311999727,0.315046720759,0.119826528787,0.895554397788,0.0425950968797,0.794624976891,0.2176115793,244.94962331,106.171579516,30.7630786794,370.755857335,664.958491141
0.586349711347,0.336107202169,0.0168906975091,0.908378869439,0.955369141756,0.20537409259,0.994955915998,0.178599332712,0.577035969749,0.194849330921,0.235326933734,0.689744412754,0.10221086547,0.425755748907,57.1945779568,394.662923647,10.5830042843,232.643550005,607.778763541
0.7570995442,0.754907660777,0.54295677301,0.0331521983461,0.290539768302,0.72648989571,0.8933708963,0.511260678537,0.017997612954,0.253477579992,0.0829948007356,0.804938836195,0.400270923232,0.431413460145,63.6993615944,3.32016843856,73.0318219902,239.29621288,643.545771549
0.398696392401,0.874888828292,0.233772994386,0.815954174041,0.257049668917,0.251454922212,0.212311577981,0.305251929328,0.652632807333,0.995474077862,0.315247385486,0.722544283989,0.0533321779273,0.61308771423,44.8291789882,150.721131427,60.4859730892,846.227215965,624.191412255
0.4857144193,0.67311872683,0.679875736065,0.993655639004,0.977534451793,0.397634035894,0.184255367141,0.987757557073,0.662878013033,0.392816054727,0.338127358103,0.386508746914,0.8515782442,0.75396040611,1.74999462213,175.595981491,319.276128693,646.164499872,709.256645625
0.872222373046,0.212236578548,0.952992055621,0.307348128122,0.426176194766,0.00167570240525,0.994599371487,0.391060386623,0.722547633102,0.191269928965,0.33778240684,0.0218709830174,0.194578919246,0.414001615676,7.69144080087,4.03147734584,117.39135244,40.7644453627,612.285716775
0.515567922167,0.785186779676,0.982115938754,0.566777273024,0.408008624205,0.663055407657,0.29751261239,0.258761385384,0.206861301649,0.843615972847,0.265215502507,0.793514612342,0.00529750588748,0.64973727769,4.09632449783,5.06033687116,231.694355021,660.649296562,735.237628914
0.608613949597,0.0460297487493,0.905135308635,0.542940645373,0.0408655441594,0.201706140838,0.785548206212,0.491344258788,0.378529055785,0.674211077854,0.917943417228,0.060838061968,0.702955508371,0.813824348863,44.2007034962,50.605170909,447.562012206,32.7800118794,642.660654029
0.813862923856,0.930101500348,0.126915940106,0.818267773588,0.213671523428,0.277495976164,0.690065533334,0.29927073932,0.198083002479,0.260546704366,0.877092311913,0.0180791224905,0.8466201968,0.0391683647327,8.23978841976,28.0761650746,5.91183525677,270.787764112,905.046071051
0.729266128049,0.900884407676,0.0456100730368,0.630922067297,0.228749105071,0.199009812097,0.0338198897283,0.768684333761,0.803195146397,0.660844019528,0.783981755425,0.53204584127,0.394668827666,0.738580197263,36.2786749865,55.4037120843,4.75274735815,423.004327313,945.413634055
0.803111154961,0.879928429285,0.0613605311223,0.683389958852,0.718587125654,0.180990963089,0.132808937399,0.499592559378,0.322964236754,0.676490470212,0.963205213937,0.935873228796,0.00749646495029,0.71359761121,25.198794895,46.4202527409,5.10675245248,278.006853757,885.770205518
0.810700090289,0.877362673384,0.0304028103433,0.922764825087,0.658823634633,0.642706236486,0.454094313133,0.78521514139,0.226072712683,0.174229265043,0.643593024587,0.481093762253,0.224698813137,0.629138378307,9.11978393718,74.8016946072,3.60146654662,386.766778,1285.92846416
0.988323279199,0.66364804284,0.972065573335,0.782256570897,0.167368172736,0.718052746586,0.942799238388,0.180359410598,0.666384561349,0.98861020424,0.0363362347348,0.899604960073,0.548306494639,0.661772200916,0.17535059493,0.492525770499,11.9070652247,20.4192981126,1288.89085009
0.23361558298,0.590425898122,0.325508113664,0.642517395392,0.128016046375,0.728575019212,0.394958491037,0.270319380196,0.378431969628,0.207657515554,0.548809492234,0.24756580264,0.629278395399,0.0895604973872,278.877477179,443.305616624,293.851931723,800.952048266,384.788792686
0.662162643906,0.0752578922761,0.0747108869554,0.628683325419,0.354937005908,0.983104047008,0.423693958739,0.819011237809,0.67383234285,0.0974459783178,0.728560971443,0.941434895987,0.603903217962,0.891038756093,256.790013554,389.169003734,54.9702044839,55.7599682914,805.66771852
0.782366884238,0.905826193974,0.944974550942,0.331970555685,0.852680205233,0.249343256197,0.58931551091,0.679792642633,0.108198648939,0.29811928032,0.897178710533,0.710792684462,0.198599761421,0.657677787209,2.92865642773,1.68251192624,38.9794317606,262.558254913,746.027438152
0.879610164683,0.829086762081,0.951953721143,0.611087894683,0.714528581991,0.829939182536,0.222962032371,0.207451788648,0.887477391651,0.42050882403,0.236562439967,0.332650729718,0.385874831574,0.940867779939,2.11622548775,3.0220486424,48.7913381154,177.857412624,963.79442833
0.885624317548,0.0503734060294,0.702324852458,0.213875130202,0.946423948328,0.722016545421,0.639676029432,0.0546071774505,0.378179286827,0.466765648481,0.594395151999,0.0153536218232,0.216302943354,0.717983816962,85.2753228241,29.7774081584,178.884419845,15.8897134576,1106.8437967
0.776437580633,0.0249515887719,0.167455525046,0.539542292412,0.198995534679,0.414981195739,0.742868370559,0.0361629636375,0.589878475518,0.237880649911,0.404313304905,0.991466231073,0.768746812469,0.628389035603,207.555945023,235.085068218,84.4452831821,12.7355078552,887.168119892
0.949250745151,0.167770310513,0.899680086848,0.509566061347,0.770954191503,0.810347388131,0.546436065796,0.79684641163,0.952590281815,0.136690671518,0.311277614607,0.59642820384,0.166306054013,0.903705730915,8.27247888502,8.52490092325,74.7571534666,20.4231381137,981.420784073
0.814094911798,0.0677324105957,0.280795692624,0.704416523975,0.502781033886,0.074746007896,0.571154416499,0.144317506319,0.927342200947,0.980343214766,0.381248596176,0.321994369206,0.491894002977,0.809609231163,100.100389929,199.873964285,105.530936845,26.3999454776,826.986847166
0.163128695535,0.462003181667,0.306601306628,0.635024183141,0.527808310571,0.0539769494735,0.708554425288,0.967103634596,0.848991014189,0.373488650466,0.178728742176,0.918109650118,0.683013057823,0.629127050899,414.420556068,641.877580352,399.328567322,764.876954876,301.956222347
0.195882548788,0.634743592433,0.710195678921,0.205522462759,0.659395267516,0.254947287925,0.556731651493,0.243874458374,0.373810310697,0.771622205352,0.0410343883333,0.154899543707,0.285353970155,0.989654431898,327.261130926,109.481126761,704.961330418,1214.51027264,459.535114373
0.877969184982,0.93119659,0.363236854014,0.31091586593,0.433700020097,0.10998486583,0.704889397547,0.478211905579,0.744587108824,0.114371981689,0.241586642753,0.867142915652,0.117742237272,0.137240405989,17.3641581754,9.2258567915,12.6191626259,215.338011375,1116.11106936
0.939784752021,0.869400237667,0.686480481779,0.155383007802,0.370417476164,0.434352673101,0.229743468675,0.918826171877,0.600440127378,0.133404131187,0.0430621751744,0.482938968905,0.416668429021,0.635366415116,10.1075456814,2.51718455133,19.4126283674,105.87948054,1139.96366388
0.763236501439,0.132968502599,0.712260943889,0.969976320247,0.358583316276,0.790987363165,0.709014215884,0.575976616706,0.192629219027,0.165304052359,0.96056857004,0.206702775031,0.0765756695921,0.366926666762,7.25675149276,153.757499057,317.05261791,74.7030936111,923.638429165
0.98163513938,0.3495767481,0.244256295998,0.971261729298,0.83369418893,0.627779577631,0.442176811187,0.0966118799239,0.638982374432,0.664382119422,0.0404995990832,0.054232067104,0.950820802335,0.611007898101,1.54243515258,34.1453260632,13.7979262212,22.5541882313,1497.56478974
0.938493328937,0.289434229194,0.555765669977,0.994050786125,0.798386413032,0.134769587307,0.879382149944,0.129044218371,0.940848004898,0.943026483331,0.582091470916,0.0413529595423,0.246579660052,0.824357573535,0.726343813025,77.7231046121,92.6929465474,59.1286335997,1389.30503588
0.527765917922,0.63783912133,0.158728559431,0.264485837299,0.353799729897,0.988178858562,0.722419366698,0.29715297482,0.505506196593,0.347645812333,0.611616659999,0.427541358308,0.994289051904,0.961213382767,298.016482529,131.464077082,82.9388470672,525.685057073,680.902293468
0.322012942062,0.891535259322,0.613051942446,0.57638451725,0.25312202084,0.618026052911,0.516889377239,0.245697795176,0.732526257551,0.518898249564,0.723149003024,0.484592764161,0.556397036998,0.153730018024,66.4198622166,84.6311167489,154.645228788,1094.98592911,615.400467186
0.733865582161,0.0702065277314,0.8634921608,0.297211956584,0.614534130107,0.00968615570785,0.869864267893,0.229920788338,0.919146537747,0.397933158557,0.294566546094,0.537858897136,0.833285678294,0.131641448637,72.6215622647,36.6028122252,373.434943176,42.31939928,865.600613616
0.537221525251,0.299927252654,0.990087868626,0.709618586505,0.939991373547,0.18781566101,0.210883239675,0.715086945918,0.324407434598,0.389387675582,0.661179271157,0.9663793063,0.0307257902867,0.581347148284,4.0988946312,8.35421229908,597.614845184,304.450860382,754.168093958
0.561050644625,0.845304100598,0.157409971969,0.520262649211,0.279112581681,0.376552278494,0.0562189661618,0.251032513797,0.397122899935,0.700074893816,0.151275453761,0.0185424610541,0.0400111073066,0.289970088677,113.554277831,121.023043163,41.8911341167,690.459068638,862.778890872
0.38828972294,0.844615565955,0.338667186372,0.158872480951,0.892664536855,0.283619193443,0.906538324269,0.961751276121,0.532905862863,0.214625862195,0.722145384572,0.935367082507,0.456520226836,0.242133956632,190.012358571,48.4283274302,115.411939429,913.619230264,657.943431302
0.747315298054,0.213114694497,0.542639612924,0.469139301405,0.82106291752,0.288466847852,0.17187637872,0.0945471144371,0.268590622873,0.0220166952609,0.284904166843,0.0565410899523,0.326004906475,0.687093728948,163.609034274,148.468922051,252.702666992,116.760941599,847.85867324
0.760355318726,0.19503393573,0.513855332037,0.0536793445864,0.468700943695,0.366442671843,0.0444367269619,0.179608720904,0.497741582789,0.8086422918,0.000665906939504,0.669659646958,0.885341668333,0.893630451233,205.908644397,17.4033403349,215.839106246,94.5189010895,792.858818768
0.509314216589,0.628729015621,0.764415110057,0.23100417477,0.897111934624,0.905052071609,0.218830796258,0.111436222572,0.496512477358,0.355312041038,0.123246314509,0.0252731404279,0.963314534982,0.563403271516,120.850820394,45.883692528,333.227438966,541.763404071,668.319556843
0.805547251394,0.10305318992,0.608178517133,0.402131870968,0.782671082799,0.347899035551,0.483508759682,0.561292833882,0.858776665749,0.031790961089,0.00842231743506,0.801605708405,0.710781791264,0.0957273019468,130.631554261,95.5793771201,228.914418157,45.7840690959,900.92650285
0.811545058637,0.85698465508,0.268432350577,0.096479154207,0.811634747071,0.284856273304,0.17534095495,0.926831819256,0.984483963915,0.916140615179,0.563488007406,0.0497616105618,0.60275586589,0.438639523365,59.6765933571,9.11381385857,27.0786664226,289.549635018,973.858819327
0.422871953551,0.800762042992,0.808404910705,0.732297428104,0.62615691859,0.859166729746,0.813200069648,0.931635309767,0.0142418750736,0.313059445231,0.838668465009,0.80993175438,0.185052844836,0.369449868222,29.5330672036,66.0429287491,233.083099034,754.186811331,620.622132642
0.729966091302,0.702660956834,0.645964362074,0.74781490726,0.0884588741785,0.580538075534,0.177797332199,0.988652904455,0.346231507068,0.304124637332,0.733355216964,0.988371763501,0.172190952537,0.791922050779,30.6458029629,73.2731536422,127.782301247,298.359238817,739.949990844
0.976851299619,0.407498630959,0.354831549903,0.90321257856,0.219783023555,0.139120784256,0.998677705019,0.815320337003,0.0550952325052,0.132425714858,0.957731898187,0.106874043092,0.785062052488,0.039299639595,4.50053429805,29.3738586647,18.5220560292,26.0765079679,1200.15741339
0.907295052373,0.174251240618,0.967406922724,0.721611181593,0.540289261258,0.720284504005,0.167981162693,0.330013281107,0.205026135298,0.0531262650725,0.654323469476,0.683629235129,0.124853969652,0.142499810417,4.067873518,8.70176726837,187.456907897,52.6994318832,1329.34815478
0.47892789921,0.803444120882,0.78633411714,0.9083833326,0.66760974574,0.863328708867,0.517530647975,0.938105164755,0.126618191666,0.231968040128,0.604957436038,0.600666429577,0.986947765806,0.0506198989636,11.8667933699,81.8891382348,237.210780823,787.675203995,773.772261776
0.965322563316,0.617286861967,0.484535313076,0.816570515226,0.580720723078,0.924660665748,0.925647663593,0.794211568573,0.907365685482,0.150548485871,0.939335216013,0.405122112887,0.0681611151645,0.233385179686,6.84557168935,23.097451796,22.9476692437,48.5105662215,1078.83606176
0.834408068531,0.831883333972,0.385654154554,0.910137619413,0.875102949725,0.445178526413,0.445683894385,0.589472689181,0.705186540136,0.486453128337,0.769557279634,0.749846203098,0.28597990996,0.711179486053,7.6737130969,54.0020012614,37.7808989667,245.389498068,955.140583817
0.740225259432,0.801964394008,0.77515351543,0.95066443594,0.22401666864,0.405490288553,0.923354798063,0.483114195853,0.873235330001,0.672618029899,0.667666579956,0.0652549087489,0.745334914359,0.458522678827,3.97624856355,51.206244217,139.321889689,461.841086339,1122.14550436
0.634660211108,0.783160260119,0.57574602418,0.950986387158,0.969587161289,0.0952420695647,0.288806592908,0.23501934096,0.848916586774,0.505757697106,0.434802228715,0.765667890449,0.00686623643519,0.414763160374,8.48976134519,110.052421662,140.353581492,503.795182509,826.828538335
0.784216069823,0.935880818008,0.535106139082,0.471498294791,0.396596378834,0.240200323563,0.560043902222,0.0864937527554,0.788361408824,0.521208993129,0.901510597531,0.261358945863,0.903011893524,0.949142219895,15.9832365046,14.6125363874,24.1867328866,321.24620424,915.82581687
0.892030892698,0.762683746034,0.889033793064,0.179476899021,0.135514553134,0.877017083933,0.805511464539,0.922717986079,0.0800037493326,0.321877960133,0.803124272074,0.364285990581,0.0532007174749,0.837034835566,11.6702625323,3.38012849798,68.9973918414,179.151640016,1123.33771311
0.85331600846,0.161820897497,0.162827995544,0.0604605424197,0.411158512627,0.579583525203,0.546010700311,0.619132670223,0.621231077296,0.448521235687,0.386854936873,0.112333755508,0.869330309254,0.58519427433,192.54914408,18.3418008626,50.578922375,51.941880625,880.572974912
0.79928642861,0.27687059041,0.804138255335,0.322318463043,0.0171867222011,0.798318090224,0.13758213304,0.0210891691202,0.17291312734,0.166685272651,0.032287253794,0.487747718015,0.799227753185,0.00997885746638,67.0753021883,37.1937039627,241.3774983,117.662525246,856.228565683
0.842119255304,0.141536186943,0.933720301298,0.279195704087,0.481341853226,0.387210328596,0.605434200088,0.149430093985,0.215189022956,0.879809952088,0.660143061201,0.990814703255,0.334376331145,0.520902945719,20.370687166,9.55430165597,215.33211446,48.9433073798,876.611200327
0.889012453347,0.65152367148,0.915085583789,0.62331702204,0.487656447478,0.405376849003,0.962086083799,0.315516514876,0.634645966791,0.476280952871,0.673373189719,0.202377580106,0.632206995402,0.277311653352,5.94157706021,8.84151010811,79.3892738834,131.417539166,873.829497649
0.949595054491,0.506356339028,0.788630777229,0.332651348147,0.0521471893413,0.527708142852,0.795110785431,0.18269829919,0.170514326785,0.296493432614,0.775230485119,0.308275742425,0.192892833999,0.139726099143,13.9879721542,8.05599216052,46.8179389614,50.5214620492,891.652921412
