5 50 20
1 1 8 5 8 5 7 7 4 6 6 3 6 2 4 7 3 9 10 3
0 0 0 0 0 0 0 0 0 0 0 0 0 0 0 0 0 0 0 0 0 0 0 0 0 0 0 0 0 0 0 0 0 0 0 0 0 0 0 0 0 0 0 0 0 0 0 0 0 0
0 0 0 0 0 0 0 0 0 0 0 0 0 0 0 0 0 0 0 0 0 0 0 0 0 0 0 0 0 0 0 0 0 0 0 0 0 0 0 0 0 0 0 0 0 0 0 0 0 0
0 0 0 0 0 0 0 0 0 0 0 0 0 0 0 0 0 0 0 0 0 0 0 0 0 0 0 0 0 0 0 0 0 0 0 0 0 0 0 0 0 0 0 0 0 0 0 0 0 0
0 0 0 0 0 0 0 0 0 0 0 0 0 0 0 0 0 0 0 0 0 0 0 0 0 0 0 0 0 0 0 0 0 0 0 0 0 0 0 0 0 0 0 0 0 0 0 0 0 0
0 0 0 0 0 0 0 0 0 0 0 0 0 0 0 0 0 0 0 0 0 0 0 0 0 0 0 0 0 0 0 0 0 0 0 0 0 0 0 0 0 0 0 0 0 0 0 0 0 0
0 0 0 0 0 0 0 0 0 0 0 0 0 0 0 0 0 0 0 0 0 0 0 0 0 0 0 0 0 0 0 0 0 0 0 0 0 0 0 0 0 0 0 0 0 0 0 0 0 0
0 0 0 0 0 0 0 0 0 0 0 0 0 0 0 0 0 0 0 0 0 0 0 0 0 0 0 0 0 0 0 0 0 0 0 0 0 0 0 0 0 0 0 0 0 0 0 0 0 0
0 0 0 0 0 0 0 0 0 0 0 0 0 0 0 0 0 0 0 0 0 0 0 0 0 0 0 0 0 0 0 0 0 0 0 0 0 0 0 0 0 0 0 0 0 0 0 0 0 0
0 0 0 0 0 0 0 0 0 0 0 0 0 0 0 0 0 0 0 0 0 0 0 0 0 0 0 0 0 0 0 0 0 0 0 0 0 0 0 0 0 0 0 0 0 0 0 0 0 0
0 0 0 0 0 0 0 0 0 0 0 0 0 0 0 0 0 0 0 0 0 0 0 0 0 0 0 0 0 0 0 0 0 0 0 0 0 0 0 0 0 0 0 0 0 0 0 0 0 0
0 0 0 0 0 0 0 0 0 0 0 0 0 0 0 0 0 0 0 0 0 0 0 0 0 0 0 0 0 0 0 0 0 0 0 0 0 0 0 0 0 0 0 0 0 0 0 0 0 0
0 0 0 0 0 0 0 0 0 0 0 0 0 0 0 0 0 0 0 0 0 0 0 0 0 0 0 0 0 0 0 0 0 0 0 0 0 0 0 0 0 0 0 0 0 0 0 0 0 0
0 0 0 0 0 0 0 0 0 0 0 0 0 0 0 0 0 0 0 0 0 0 0 0 0 0 0 0 0 0 0 0 0 0 0 0 0 0 0 0 0 0 0 0 0 0 0 0 0 0
0 0 0 0 0 0 0 0 0 0 0 0 0 0 0 0 0 0 0 0 0 0 0 0 0 0 0 0 0 0 0 0 0 0 0 0 0 0 0 0 0 0 0 0 0 0 0 0 0 0
0 0 0 0 0 0 0 0 0 0 0 0 0 0 0 0 0 0 0 0 0 0 0 0 0 0 0 0 0 0 0 0 0 0 0 0 0 0 0 0 0 0 0 0 0 0 0 0 0 0
0 0 0 0 0 0 0 0 0 0 0 0 0 0 0 0 0 0 0 0 0 0 0 0 0 0 0 0 0 0 0 0 0 0 0 0 0 0 0 0 0 0 0 0 0 0 0 0 0 0
0 0 0 0 0 0 0 0 0 0 0 0 0 0 0 0 0 0 0 0 0 0 0 0 0 0 0 0 0 0 0 0 0 0 0 0 0 0 0 0 0 0 0 0 0 0 0 0 0 0
0 0 0 0 0 0 0 0 0 0 0 0 0 0 0 0 0 0 0 0 0 0 0 0 0 0 0 0 0 0 0 0 0 0 0 0 0 0 0 0 0 0 0 0 0 0 0 0 0 0
0 0 0 0 0 0 0 0 0 0 0 0 0 0 0 0 0 0 0 0 0 0 0 0 0 0 0 0 0 0 0 0 0 0 0 0 0 0 0 0 0 0 0 0 0 0 0 0 0 0
0 0 0 0 0 0 0 0 0 0 0 0 0 0 0 0 0 0 0 0 0 0 0 0 0 0 0 0 0 0 0 0 0 0 0 0 0 0 0 0 0 0 0 0 0 0 0 0 0 0
0 0 0 0 0 0 0 0 0 0 0 0 0 0 0 0 0 0 0 0 0 0 0 0 0 0 0 0 0 0 0 0 0 0 0 0 0 0 0 0 0 0 0 0 0 0 0 0 0 0
0 0 0 0 0 0 0 0 0 0 0 0 0 0 0 0 0 0 0 0 0 0 0 0 0 0 0 0 0 0 0 0 0 0 0 0 0 0 0 0 0 0 0 0 0 0 0 0 0 0
0 0 0 0 0 0 0 0 0 0 0 0 0 0 0 0 0 0 0 0 0 0 0 0 0 0 0 0 0 0 0 0 0 0 0 0 0 0 0 0 0 0 0 0 0 0 0 0 0 0
0 0 0 0 0 0 0 0 0 0 0 0 0 0 0 0 0 0 0 0 0 0 0 0 0 0 0 0 0 0 0 0 0 0 0 0 0 0 0 0 0 0 0 0 0 0 0 0 0 0
0 0 0 0 0 0 0 0 0 0 0 0 0 0 0 0 0 0 0 0 0 0 0 0 0 0 0 0 0 0 0 0 0 0 0 0 0 0 0 0 0 0 0 0 0 0 0 0 0 0
0 0 0 0 0 0 0 0 0 0 0 0 0 0 0 0 0 0 0 0 0 0 0 0 0 0 0 0 0 0 0 0 0 0 0 0 0 0 0 0 0 0 0 0 0 0 0 0 0 0
0 0 0 0 0 0 0 0 0 0 0 0 0 0 0 0 0 0 0 0 0 0 0 0 0 0 0 0 0 0 0 0 0 0 0 0 0 0 0 0 0 0 0 0 0 0 0 0 0 0
0 0 0 0 0 0 0 0 0 0 0 0 0 0 0 0 0 0 0 0 0 0 0 0 0 0 0 0 0 0 0 0 0 0 0 0 0 0 0 0 0 0 0 0 0 0 0 0 0 0
0 0 0 0 0 0 0 0 0 0 0 0 0 0 0 0 0 0 0 0 0 0 0 0 0 0 0 0 0 0 0 0 0 0 0 0 0 0 0 0 0 0 0 0 0 0 0 0 0 0
0 0 0 0 0 0 0 0 0 0 0 0 0 0 0 0 0 0 0 0 0 0 0 0 0 0 0 0 0 0 0 0 0 0 0 0 0 0 0 0 0 0 0 0 0 0 0 0 0 0
0 0 0 0 0 0 0 0 0 0 0 0 0 0 0 0 0 0 0 0 0 0 0 0 0 0 0 0 0 0 0 0 0 0 0 0 0 0 0 0 0 0 0 0 0 0 0 0 0 0
0 0 0 0 0 0 0 0 0 0 0 0 0 0 0 0 0 0 0 0 0 0 0 0 0 0 0 0 0 0 0 0 0 0 0 0 0 0 0 0 0 0 0 0 0 0 0 0 0 0
0 0 0 0 0 0 0 0 0 0 0 0 0 0 0 0 0 0 0 0 0 0 0 0 0 0 0 0 0 0 0 0 0 0 0 0 0 0 0 0 0 0 0 0 0 0 0 0 0 0
0 0 0 0 0 0 0 0 0 0 0 0 0 0 0 0 0 0 0 0 0 0 0 0 0 0 0 0 0 0 0 0 0 0 0 0 0 0 0 0 0 0 0 0 0 0 0 0 0 0
0 0 0 0 0 0 0 0 0 0 0 0 0 0 0 0 0 0 0 0 0 0 0 0 0 0 0 0 0 0 0 0 0 0 0 0 0 0 0 0 0 0 0 0 0 0 0 0 0 0
0 0 0 0 0 0 0 0 0 0 0 0 0 0 0 0 0 0 0 0 0 0 0 0 0 0 0 0 0 0 0 0 0 0 0 0 0 0 0 0 0 0 0 0 0 0 0 0 0 0
0 0 0 0 0 0 0 0 0 0 0 0 0 0 0 0 0 0 0 0 0 0 0 0 0 0 0 0 0 0 0 0 0 0 0 0 0 0 0 0 0 0 0 0 0 0 0 0 0 0
0 0 0 0 0 0 0 0 0 0 0 0 0 0 0 0 0 0 0 0 0 0 0 0 0 0 0 0 0 0 0 0 0 0 0 0 0 0 0 0 0 0 0 0 0 0 0 0 0 0
0 0 0 0 0 0 0 0 0 0 0 0 0 0 0 0 0 0 0 0 0 0 0 0 0 0 0 0 0 0 0 0 0 0 0 0 0 0 0 0 0 0 0 0 0 0 0 0 0 0
0 0 0 0 0 0 0 0 0 0 0 0 0 0 0 0 0 0 0 0 0 0 0 0 0 0 0 0 0 0 0 0 0 0 0 0 0 0 0 0 0 0 0 0 0 0 0 0 0 0
0 0 0 0 0 0 0 0 0 0 0 0 0 0 0 0 0 0 0 0 0 0 0 0 0 0 0 0 0 0 0 0 0 0 0 0 0 0 0 0 0 0 0 0 0 0 0 0 0 0
0 0 0 0 0 0 0 0 0 0 0 0 0 0 0 0 0 0 0 0 0 0 0 0 0 0 0 0 0 0 0 0 0 0 0 0 0 0 0 0 0 0 0 0 0 0 0 0 0 0
0 0 0 0 0 0 0 0 0 0 0 0 0 0 0 0 0 0 0 0 0 0 0 0 0 0 0 0 0 0 0 0 0 0 0 0 0 0 0 0 0 0 0 0 0 0 0 0 0 0
0 0 0 0 0 0 0 0 0 0 0 0 0 0 0 0 0 0 0 0 0 0 0 0 0 0 0 0 0 0 0 0 0 0 0 0 0 0 0 0 0 0 0 0 0 0 0 0 0 0
0 0 0 0 0 0 0 0 0 0 0 0 0 0 0 0 0 0 0 0 0 0 0 0 0 0 0 0 0 0 0 0 0 0 0 0 0 0 0 0 0 0 0 0 0 0 0 0 0 0
0 0 0 0 0 0 0 0 0 0 0 0 0 0 0 0 0 0 0 0 0 0 0 0 0 0 0 0 0 0 0 0 0 0 0 0 0 0 0 0 0 0 0 0 0 0 0 0 0 0
0 0 0 0 0 0 0 0 0 0 0 0 0 0 0 0 0 0 0 0 0 0 0 0 0 0 0 0 0 0 0 0 0 0 0 0 0 0 0 0 0 0 0 0 0 0 0 0 0 0
0 0 0 0 0 0 0 0 0 0 0 0 0 0 0 0 0 0 0 0 0 0 0 0 0 0 0 0 0 0 0 0 0 0 0 0 0 0 0 0 0 0 0 0 0 0 0 0 0 0
0 0 0 0 0 0 0 0 0 0 0 0 0 0 0 0 0 0 0 0 0 0 0 0 0 0 0 0 0 0 0 0 0 0 0 0 0 0 0 0 0 0 0 0 0 0 0 0 0 0
0 0 0 0 0 0 0 0 0 0 0 0 0 0 0 0 0 0 0 0 0 0 0 0 0 0 0 0 0 0 0 0 0 0 0 0 0 0 0 0 0 0 0 0 0 0 0 0 0 0
12 5 
11 4 
15 1 
13 3 
10 1 
15 2 
11 4 
19 5 
20 3 
14 2 
16 1 
16 5 
16 2 
14 1 
19 2 
17 4 
16 2 
16 4 
16 5 
19 3 
16 1 
19 1 
20 1 
20 1 
18 2 
19 5 
17 3 
16 2 
19 2 
19 3 
14 4 
15 2 
13 3 
20 4 
17 5 
19 4 
11 3 
12 1 
20 3 
10 1 
15 5 
10 5 
12 5 
11 5 
13 1 
16 1 
11 4 
18 3 
18 4 
17 1 
4 0 0 3 2 0 0 5 3 2 5 0 0 1 1 3 0 4 0 1 3 4 3 5 0 5 3 0 2 2 2 4 4 5 4 2 5 2 0 0 0 3 4 2 0 1 5 5 3 0
4 0 5 5 0 2 0 5 0 0 3 5 3 1 2 2 4 1 5 1 1 5 2 0 4 3 3 0 0 2 2 1 2 1 4 5 0 4 2 5 1 1 0 5 5 4 1 1 1 4
5 5 1 3 3 4 3 1 0 2 1 3 1 4 2 4 4 1 4 1 2 5 0 2 2 5 1 2 1 5 0 5 5 0 1 3 1 3 1 0 2 3 4 4 5 1 5 2 3 4
5 4 0 3 0 5 1 2 5 3 0 5 0 5 4 5 2 5 0 4 2 4 5 1 3 4 2 4 2 0 0 0 1 2 0 5 5 0 3 4 4 3 0 2 0 4 4 2 1 3
3 3 1 4 5 4 5 3 0 0 0 5 0 5 2 4 3 5 5 0 0 4 3 1 4 2 1 2 5 5 5 1 1 5 5 1 0 3 3 0 1 0 3 3 3 5 3 0 1 1
2 0 1 4 3 2 5 4 5 3 4 0 5 5 0 1 2 1 3 1 3 4 3 4 0 2 4 3 2 3 2 2 2 0 0 0 1 0 5 5 4 1 0 5 4 2 0 5 3 3
4 3 4 4 5 3 5 3 3 1 4 4 5 3 0 5 0 1 3 1 3 4 0 2 5 5 4 4 3 3 1 5 1 4 4 3 4 0 2 0 1 4 1 3 0 3 0 2 4 2
1 1 0 5 3 4 3 5 1 0 0 2 1 0 2 5 4 5 5 5 3 2 1 0 2 4 0 5 1 2 5 2 3 2 4 3 1 1 4 4 4 1 1 1 3 2 0 3 4 4
0 3 3 0 2 4 2 3 5 0 2 3 2 1 1 1 5 5 5 2 3 2 0 5 0 4 1 4 3 1 2 5 0 0 1 0 2 0 2 4 1 2 1 1 1 1 5 1 3 4
5 4 1 3 3 3 3 5 0 3 0 2 2 2 0 1 0 5 5 0 0 3 1 4 4 4 5 1 2 1 1 3 5 0 0 3 4 0 0 5 2 0 2 3 4 0 3 2 3 1
1 0 1 2 3 0 1 3 3 0 4 5 0 4 4 1 0 4 1 0 3 2 2 4 5 3 0 1 0 3 4 4 1 2 2 3 1 1 4 2 5 4 5 1 5 4 3 4 1 5
1 2 5 3 5 1 5 5 1 3 5 1 4 3 4 0 1 2 5 2 2 0 5 0 2 0 2 0 5 1 1 2 5 0 4 5 3 4 1 1 4 2 1 0 5 5 4 5 4 2
3 4 0 4 5 2 5 5 5 1 2 1 5 1 0 5 3 3 4 1 2 2 1 0 5 1 5 1 3 3 2 1 0 5 4 0 5 4 3 2 0 5 0 5 2 1 0 1 4 5
2 2 0 5 1 4 0 0 4 3 0 2 4 5 2 2 5 2 4 3 2 1 0 2 0 0 0 1 3 3 5 1 4 0 2 5 1 0 2 4 5 2 4 0 4 4 4 5 1 0
5 3 0 5 0 3 0 3 2 2 0 3 0 4 4 3 1 5 3 3 1 3 3 3 2 3 0 2 5 2 0 4 1 0 5 4 4 2 3 1 5 0 4 0 4 4 1 3 0 4
1 5 4 0 1 2 0 0 2 4 4 5 0 3 5 4 5 5 5 2 1 2 2 4 5 3 4 2 1 1 5 1 2 3 1 4 0 2 5 5 5 2 3 4 3 4 1 1 4 1
2 1 5 4 5 2 0 4 3 1 3 0 3 5 1 2 1 5 1 2 3 1 4 0 4 0 3 0 0 0 3 3 3 5 2 1 5 4 5 1 4 3 4 2 2 0 5 4 5 3
4 1 4 0 5 4 0 2 4 3 2 4 1 2 0 2 0 3 1 2 3 0 3 4 1 3 3 0 4 2 3 3 1 3 0 4 2 2 2 4 4 1 4 5 1 3 1 3 1 3
2 3 1 1 0 4 2 3 4 1 3 0 5 4 1 0 2 1 2 1 3 2 3 0 5 5 1 3 2 0 5 2 3 0 5 2 1 4 5 4 0 1 5 3 1 5 1 4 2 4
5 5 4 3 2 1 3 0 0 1 1 5 4 1 2 1 2 3 2 5 3 4 4 1 3 3 0 4 4 1 0 2 0 5 0 3 0 5 3 1 4 1 3 5 2 2 0 1 4 1
187 187 187 187 187