20 50 20
3 9 10 3 10 1 2 6 8 8 10 8 10 2 9 4 7 4 5 2
0 0 0 0 0 0 0 0 0 0 0 0 0 0 0 1 0 0 0 0 0 0 0 0 0 0 0 0 1 0 0 0 0 0 0 0 0 0 0 0 0 0 0 0 0 0 0 0 0 0
0 0 0 0 0 0 0 0 0 0 0 0 0 0 0 0 0 0 0 0 0 0 0 0 0 0 0 0 0 0 0 0 0 0 0 0 0 0 0 0 0 0 0 0 0 0 0 0 0 0
0 0 0 0 0 0 0 0 0 0 0 0 0 0 0 0 0 0 0 0 0 0 0 0 0 0 0 0 0 0 0 0 0 0 0 0 0 0 0 0 0 0 0 0 0 0 0 0 0 0
0 0 0 0 0 0 0 0 0 0 0 0 0 0 0 0 0 0 0 0 0 0 0 0 0 0 0 0 0 0 0 0 0 0 0 0 0 0 0 0 0 0 0 0 0 0 0 0 0 0
0 0 0 0 0 0 0 0 0 0 0 0 0 0 0 0 0 0 0 0 0 0 0 0 0 0 0 0 0 0 0 0 0 0 0 0 0 0 0 0 0 0 0 0 0 0 0 0 0 0
0 0 0 0 0 0 0 0 0 0 0 0 0 0 0 0 0 0 0 0 0 0 0 0 0 0 0 0 0 0 0 0 0 0 0 0 0 0 0 0 0 0 0 0 0 0 0 0 0 0
0 0 0 0 0 0 0 0 0 0 0 0 0 0 0 0 0 0 0 0 0 0 0 0 0 0 0 0 0 0 0 0 0 0 0 0 0 0 0 0 0 0 0 0 0 0 0 0 0 0
0 0 0 0 0 0 0 0 0 0 0 0 0 0 0 0 0 0 0 0 0 0 0 0 0 0 0 0 0 0 0 0 0 0 0 0 0 0 0 0 0 0 0 0 0 0 0 0 0 0
0 0 0 0 0 0 0 0 0 0 0 0 0 0 0 0 0 0 0 0 0 0 0 0 0 0 0 0 0 0 0 0 0 0 0 0 0 0 0 0 0 0 0 0 0 0 0 0 0 0
0 0 0 0 0 0 0 0 0 0 0 0 0 0 0 0 0 0 0 0 0 0 0 0 0 0 0 0 0 0 0 0 0 0 0 0 0 0 0 0 0 0 0 0 0 0 0 0 0 0
0 0 0 0 0 0 0 0 0 0 0 0 0 0 0 0 0 0 0 0 0 0 0 0 0 0 0 0 0 0 0 0 0 0 0 0 0 0 0 0 0 0 0 0 0 0 0 0 0 0
0 0 0 0 0 0 0 0 0 0 0 0 0 0 0 0 0 0 0 0 0 0 0 0 0 0 0 0 0 0 0 0 0 0 0 0 0 0 0 0 0 0 0 0 0 0 0 0 0 0
0 0 0 0 0 0 0 0 0 0 0 0 0 0 0 0 0 0 0 0 0 0 0 0 0 0 0 0 0 0 0 0 0 0 0 0 0 0 0 0 0 0 0 0 0 0 0 0 0 0
0 0 0 0 0 0 0 0 0 0 0 0 0 0 0 0 0 0 0 0 0 0 0 0 0 0 0 0 0 1 0 0 0 0 1 0 0 0 0 0 0 0 0 0 0 0 0 0 0 0
0 0 0 0 0 0 0 0 0 0 0 0 0 0 0 0 0 0 0 0 0 0 0 0 0 0 0 0 0 0 0 0 0 0 0 0 0 0 0 0 0 0 0 0 0 0 0 0 0 0
0 0 0 0 0 0 0 0 0 0 0 0 0 0 0 0 0 0 0 0 0 0 0 0 0 0 0 0 0 0 0 0 0 0 0 0 0 0 0 0 0 0 0 0 0 0 0 0 0 0
0 0 0 0 0 0 0 0 0 0 0 0 0 0 0 0 0 0 0 0 0 0 0 0 0 0 0 0 0 0 0 0 0 0 0 0 0 0 0 0 0 0 0 0 0 0 0 0 0 0
0 0 0 0 0 0 0 0 0 0 0 0 0 0 0 0 0 0 0 0 0 0 0 0 0 0 0 0 0 0 0 0 0 0 0 0 0 0 0 0 0 0 0 0 0 0 0 0 0 0
0 0 0 0 0 0 0 0 0 0 0 0 0 0 0 0 0 0 0 0 0 0 0 0 0 0 0 0 0 0 0 0 0 0 0 0 0 0 0 0 0 0 0 0 0 0 0 0 0 0
0 0 0 0 0 0 0 0 0 0 0 0 0 0 0 0 0 0 0 0 0 0 0 0 0 0 0 0 0 0 0 0 0 0 0 0 0 1 0 0 0 0 0 0 1 0 0 0 0 0
0 0 0 0 0 0 0 0 0 0 0 0 0 0 0 0 0 0 0 0 0 0 0 0 0 0 0 0 0 0 0 0 0 0 0 0 0 0 0 0 0 0 0 0 0 0 0 0 0 0
0 0 0 0 0 0 0 0 0 0 0 0 0 0 0 0 0 0 0 0 0 0 0 0 0 0 0 0 0 0 0 0 0 0 0 0 0 0 0 0 0 0 0 0 0 0 0 0 0 0
0 0 0 0 0 0 1 0 0 0 0 0 0 0 0 0 0 0 0 0 0 0 0 0 0 0 0 0 0 0 0 0 0 0 0 0 0 0 0 0 0 0 0 0 0 0 0 0 0 0
0 0 0 0 0 0 0 0 0 0 0 0 0 0 0 0 0 0 0 0 0 0 0 0 0 0 0 0 0 0 0 0 0 0 0 0 0 0 0 0 0 0 0 0 0 0 0 0 0 0
0 0 0 0 0 0 0 0 0 1 0 0 0 0 0 0 0 0 0 0 0 0 0 0 0 0 0 0 0 0 0 0 0 0 0 0 0 0 0 0 0 0 1 0 0 0 0 0 0 0
0 0 0 0 0 0 0 0 0 0 0 0 0 0 0 0 0 0 0 0 0 0 0 0 0 0 0 0 0 0 0 0 0 0 0 0 0 0 0 0 0 0 0 0 0 0 0 0 0 0
0 0 0 0 0 0 0 0 0 0 0 0 0 0 0 0 0 0 0 0 0 0 0 0 0 0 0 0 0 0 0 0 0 0 0 0 0 0 0 0 0 0 0 0 0 0 0 0 0 0
0 0 0 0 0 0 0 0 0 0 0 0 0 0 0 0 0 0 0 0 0 0 0 0 0 0 0 0 0 0 0 0 0 0 0 0 0 0 0 0 0 0 0 0 0 0 0 0 0 0
0 0 0 0 0 0 0 0 0 0 0 0 0 0 0 0 0 0 0 0 0 0 0 0 0 0 0 1 0 0 0 0 0 0 0 0 0 0 0 0 0 0 1 0 0 0 0 0 0 0
0 0 0 0 0 0 0 0 0 0 0 0 0 0 0 0 0 0 0 0 0 0 0 0 0 0 0 0 0 0 0 0 0 0 0 0 0 0 0 0 0 0 0 0 0 0 0 0 0 0
0 0 0 0 0 0 0 0 0 0 0 0 0 0 0 0 0 0 0 0 0 0 0 0 0 0 0 0 0 0 0 0 0 0 0 0 0 0 0 0 0 0 0 0 0 0 0 0 0 0
0 0 0 0 0 0 0 0 0 0 0 0 0 0 0 0 0 0 0 0 0 0 0 0 0 0 0 0 0 0 0 0 0 0 0 0 0 0 0 0 0 0 0 0 0 0 0 0 0 0
0 0 0 0 0 0 0 0 0 0 0 0 0 0 0 0 0 0 0 0 0 0 0 0 0 0 0 0 0 0 0 0 0 0 0 0 0 0 0 0 0 0 0 0 0 0 0 0 0 0
0 0 0 0 0 0 0 0 0 0 0 0 0 0 0 0 0 0 0 0 0 0 0 0 0 0 0 0 0 0 0 0 0 0 0 0 0 0 1 0 1 0 0 0 0 0 0 0 0 0
0 0 0 0 0 0 0 0 0 0 0 0 0 0 0 0 0 0 0 0 0 0 0 0 0 0 0 0 0 0 0 0 0 0 0 0 0 0 0 0 0 0 0 0 0 0 0 0 0 0
0 0 0 0 0 0 0 0 0 0 0 0 0 0 0 0 0 0 0 0 0 0 0 0 0 0 0 0 0 0 0 0 0 0 0 0 0 0 0 0 0 0 0 0 0 0 0 0 0 0
0 0 0 0 0 0 0 0 0 0 0 0 0 0 0 0 0 0 0 0 0 0 0 0 0 0 0 0 0 0 0 0 0 0 0 0 0 0 0 0 0 0 0 0 0 0 0 0 0 0
0 0 0 0 0 0 0 0 0 0 0 0 0 0 0 0 0 0 0 0 0 0 0 0 0 0 0 0 0 0 0 0 0 0 0 0 0 0 0 0 0 0 0 0 0 0 0 0 0 0
0 0 0 0 0 0 0 0 0 0 0 0 0 0 0 0 0 0 0 0 0 0 0 0 0 0 0 0 0 0 0 0 0 0 0 0 0 0 0 0 0 0 0 0 0 0 0 0 0 0
0 0 0 0 0 0 0 0 0 0 0 0 0 0 0 0 0 0 0 0 0 0 0 0 0 0 0 0 0 0 0 0 0 0 0 0 0 0 0 0 0 0 0 0 0 0 0 0 0 0
0 0 0 0 0 0 0 0 0 0 0 0 0 0 0 0 0 0 0 1 0 0 0 0 0 0 0 1 0 0 0 0 0 0 0 0 0 0 0 0 0 0 0 0 0 0 0 0 0 0
0 0 0 0 0 0 0 0 0 0 0 0 0 0 0 0 0 0 0 0 0 0 0 0 0 0 0 0 0 0 0 0 0 0 1 0 0 0 0 0 0 0 0 0 0 0 0 0 0 0
0 0 0 0 0 0 0 0 0 0 0 0 0 0 0 0 0 0 0 0 0 0 0 0 0 0 0 0 0 0 0 0 0 0 0 0 0 0 0 0 0 0 0 0 0 0 0 0 0 0
0 0 0 0 0 0 0 0 0 0 0 0 0 0 0 0 0 0 0 0 0 0 0 0 0 0 0 0 0 0 0 0 0 0 0 0 0 0 0 0 0 0 0 0 0 0 0 0 0 0
0 0 0 0 0 0 0 0 0 0 0 0 0 0 0 0 0 0 0 0 0 0 0 0 0 0 0 0 0 0 0 0 0 0 0 0 0 0 0 0 0 0 0 0 0 0 0 0 0 0
0 0 0 0 0 0 0 0 0 0 0 0 0 0 0 0 0 0 0 0 0 0 0 0 0 0 0 0 0 0 0 0 0 0 0 0 0 0 0 0 0 0 0 0 0 0 0 0 0 0
0 0 0 0 0 0 0 0 0 0 0 0 0 0 0 0 0 0 0 0 0 0 0 0 0 0 0 0 0 0 0 0 0 0 0 0 0 0 0 0 0 0 0 0 0 0 0 0 0 0
0 0 0 0 0 0 0 0 0 0 0 0 0 0 0 0 0 0 0 0 0 0 0 0 0 0 0 0 0 0 0 0 0 0 0 0 0 0 0 0 0 0 0 0 0 0 0 0 0 0
0 0 0 0 0 0 0 0 0 0 0 0 0 0 0 0 0 0 0 0 0 0 0 0 0 0 0 0 0 0 0 0 0 0 0 0 0 0 0 0 0 0 0 0 0 0 0 0 0 0
0 0 0 0 0 0 0 0 0 0 0 0 0 0 0 0 0 0 0 0 0 0 0 0 0 0 0 0 0 0 0 0 0 0 0 0 0 0 0 0 0 0 0 0 0 0 0 0 0 0
10 2 
16 4 
12 2 
11 5 
12 5 
12 5 
12 4 
16 4 
18 1 
11 2 
12 5 
18 3 
19 3 
14 5 
10 4 
18 5 
11 2 
10 1 
18 3 
14 2 
11 2 
14 3 
10 1 
15 2 
13 5 
18 2 
17 3 
12 2 
12 4 
12 3 
16 3 
15 4 
11 3 
18 2 
16 4 
13 4 
19 2 
15 4 
11 1 
17 2 
11 1 
19 2 
11 2 
16 4 
20 4 
20 2 
19 5 
13 3 
10 5 
14 5 
2 3 3 0 3 5 5 0 5 4 0 3 5 3 3 1 5 1 5 4 3 5 5 0 5 2 2 1 4 0 4 2 5 1 1 4 2 2 5 4 1 4 1 2 3 5 3 5 4 5
5 2 0 2 5 4 1 5 1 0 3 3 5 5 4 5 3 1 5 1 2 2 0 5 4 2 5 4 5 4 1 2 2 5 0 4 5 2 1 1 0 2 3 2 5 3 2 4 1 5
4 5 0 4 2 0 0 1 1 4 5 2 5 5 2 0 1 3 5 2 1 3 4 1 3 2 0 1 1 2 4 3 4 5 1 5 2 5 3 3 3 2 5 5 3 4 1 4 2 2
0 2 4 1 1 1 0 2 2 3 0 3 3 1 0 0 0 0 5 2 0 4 3 5 1 0 0 0 2 1 0 4 4 5 3 5 1 4 1 5 2 5 4 1 3 5 5 4 3 3
1 2 0 2 1 4 5 3 2 5 2 1 3 1 1 5 1 3 5 0 0 2 1 4 4 1 2 3 5 1 1 3 0 1 3 3 1 3 2 5 5 0 1 5 1 2 2 2 4 3
2 4 1 2 3 2 5 4 4 2 1 1 2 0 1 5 4 0 4 3 5 5 0 3 4 3 0 1 0 5 3 4 0 4 5 2 3 1 2 3 3 3 3 2 0 1 0 1 2 5
2 0 3 0 3 3 2 3 1 4 3 2 0 5 3 3 0 5 0 5 2 3 5 1 4 1 1 2 1 5 3 4 5 0 5 2 0 5 2 4 3 1 2 4 0 0 4 0 1 0
5 5 1 5 4 1 4 1 0 3 3 0 2 0 1 5 2 4 3 5 5 4 5 5 2 1 5 2 2 2 2 1 0 1 0 3 2 0 3 2 3 0 4 5 4 3 2 4 3 4
4 4 5 3 3 3 1 3 4 3 2 3 4 0 3 2 3 2 4 3 3 0 4 0 0 4 2 2 5 0 2 4 4 0 3 3 2 1 2 1 4 3 4 5 5 5 5 4 3 4
0 2 4 3 2 5 0 3 0 5 5 1 1 2 3 4 4 0 3 2 4 4 5 3 1 2 1 4 1 4 5 1 5 1 0 2 2 2 2 5 3 1 4 5 5 5 5 1 4 3
4 0 2 0 1 0 5 2 2 2 3 0 3 0 2 0 2 2 3 5 3 1 0 3 4 2 5 2 0 3 4 2 4 0 4 4 4 5 5 0 5 4 0 5 0 5 4 1 1 2
0 5 4 0 0 3 3 5 2 2 0 3 2 2 3 2 3 0 2 1 4 1 2 5 3 3 0 3 0 4 5 5 4 2 1 5 1 2 1 1 4 3 3 1 4 1 1 0 2 1
3 4 0 4 0 5 0 3 5 4 2 2 1 1 1 0 5 1 5 0 1 5 5 0 0 3 2 4 4 3 3 4 1 2 2 4 2 1 0 0 0 3 1 5 4 3 3 0 1 5
0 2 3 3 0 5 4 2 3 1 3 2 4 4 2 5 5 1 3 3 1 0 3 1 0 3 1 2 0 3 4 0 3 0 0 5 3 0 3 4 0 4 3 4 5 5 0 4 1 1
1 0 4 1 2 1 0 3 5 0 1 2 0 2 2 4 0 0 2 5 5 3 1 1 5 0 5 5 4 1 1 5 0 3 2 0 0 3 2 5 3 3 3 5 3 2 2 4 5 0
0 0 5 0 2 5 1 4 5 1 0 5 3 0 4 4 3 3 4 2 4 1 3 5 5 3 2 1 3 0 4 1 4 0 0 5 3 2 4 2 3 5 0 0 1 0 4 5 0 5
0 1 4 2 4 1 4 5 2 2 5 5 2 4 2 0 2 0 2 4 4 3 4 2 3 0 4 3 0 1 3 1 1 3 5 1 2 1 4 5 0 1 2 4 0 0 3 2 1 2
1 5 4 1 5 5 0 3 3 5 3 0 2 1 3 3 2 0 1 5 5 3 0 2 3 3 5 1 4 0 3 5 2 2 0 0 4 2 1 3 5 1 2 0 1 3 1 0 2 0
2 4 1 4 1 2 1 0 4 0 4 1 5 5 1 3 2 0 5 1 4 5 4 4 2 5 4 3 1 0 4 0 0 5 4 4 2 3 5 3 2 1 1 2 0 2 4 1 5 3
3 5 2 2 2 3 1 0 3 5 4 1 1 3 3 0 3 4 5 5 0 1 2 4 4 0 2 2 5 2 3 3 4 0 5 4 5 1 1 3 5 5 5 3 1 0 5 3 2 1
42 42 42 42 42 42 42 42 42 42 42 42 42 42 42 42 42 42 42 42