50 50 20
5 2 5 4 4 4 5 2 3 3 10 4 8 2 7 8 2 3 10 1
0 0 0 0 0 0 0 0 0 0 0 0 0 0 0 0 0 0 0 0 0 0 0 0 0 0 0 0 0 0 0 0 0 0 0 0 0 0 0 0 0 0 0 0 0 0 0 0 0 0
0 0 0 0 0 0 0 0 0 0 0 0 0 0 0 0 0 0 0 0 0 0 0 0 0 0 0 0 0 0 0 0 0 0 0 0 0 0 0 0 0 0 0 0 0 0 0 0 0 0
0 0 0 0 0 0 0 0 0 0 0 0 0 0 0 0 0 0 0 0 0 0 0 0 0 0 0 0 0 0 0 0 0 0 0 0 0 0 0 0 0 0 0 0 0 0 0 0 0 0
0 0 0 0 0 0 0 0 0 0 0 0 0 0 0 0 0 0 0 0 0 0 0 0 0 0 0 0 0 0 0 0 0 0 0 0 0 0 0 0 0 0 0 0 0 0 0 0 0 0
0 0 0 0 0 0 0 0 0 0 0 0 0 0 0 0 0 0 0 0 0 0 0 0 0 0 0 0 0 0 0 0 0 0 0 0 0 0 0 0 0 0 0 0 0 0 0 0 0 0
0 0 0 0 0 0 0 0 0 0 0 0 0 0 0 0 0 0 0 0 0 0 0 0 0 0 0 0 0 0 0 0 0 0 0 0 0 0 0 0 0 0 0 0 0 0 0 0 0 0
0 0 0 0 0 0 0 0 0 0 0 0 0 0 0 0 0 0 0 0 0 0 0 0 0 0 0 0 0 0 0 0 0 0 0 0 0 0 0 0 0 0 0 0 0 0 0 0 0 0
0 0 0 0 0 0 0 0 0 0 0 0 0 0 0 0 0 0 0 0 0 0 0 0 0 0 0 0 0 0 0 0 0 0 0 0 0 0 0 0 0 0 0 0 0 0 0 0 0 0
0 0 0 0 0 0 0 0 0 0 0 0 0 0 0 0 0 0 0 0 0 0 0 0 0 0 0 0 0 0 0 0 0 0 0 0 0 0 0 0 0 0 0 0 0 0 0 0 0 0
0 0 0 0 0 0 0 0 0 0 0 0 0 0 0 0 0 0 0 0 0 0 0 0 0 0 0 0 0 0 0 0 0 0 0 0 0 0 0 0 0 0 0 0 0 0 0 0 0 0
0 0 0 0 0 0 0 0 0 0 0 0 0 0 0 0 0 0 0 0 0 0 0 0 0 0 0 0 0 0 0 0 0 0 0 0 0 0 0 0 0 0 0 0 0 0 0 0 0 0
0 0 0 0 0 0 0 0 0 0 0 0 0 0 0 0 0 0 0 0 0 0 0 0 0 0 0 0 0 0 0 0 0 0 0 0 0 0 0 0 0 0 0 0 0 0 0 0 0 0
0 0 0 0 0 0 0 0 0 0 0 0 0 0 0 0 0 0 0 0 0 0 0 0 0 0 0 0 0 0 0 0 0 0 0 0 0 0 0 0 0 0 0 0 0 0 0 0 0 0
0 0 0 0 0 0 0 0 0 0 0 0 0 0 0 0 0 0 0 0 0 0 0 0 0 0 0 0 0 0 0 0 0 0 0 0 0 0 0 0 0 0 0 0 0 0 0 0 0 0
0 0 0 0 0 0 0 0 0 0 0 0 0 0 0 0 0 0 0 0 0 0 0 0 0 0 0 0 0 0 0 0 0 0 0 0 0 0 0 0 0 0 0 0 0 0 0 0 0 0
0 0 0 0 0 0 0 0 0 0 0 0 0 0 0 0 0 0 0 0 0 0 0 0 0 0 0 0 0 0 0 0 0 0 0 0 0 0 0 0 0 0 0 0 0 0 0 0 0 0
0 0 0 0 0 0 0 0 0 0 0 0 0 0 0 0 0 0 0 0 0 0 0 0 0 0 0 0 0 0 0 0 0 0 0 0 0 0 0 0 0 0 0 0 0 0 0 0 0 0
0 0 0 0 0 0 0 0 0 0 0 0 0 0 0 0 0 0 0 0 0 0 0 0 0 0 0 0 0 0 0 0 0 0 0 0 0 0 0 0 0 0 0 0 0 0 0 0 0 0
0 0 0 0 0 0 0 0 0 0 0 0 0 0 0 0 0 0 0 0 0 0 0 0 0 0 0 0 0 0 0 0 0 0 0 0 0 0 0 0 0 0 0 0 0 0 0 0 0 0
0 0 0 0 0 0 0 0 0 0 0 0 0 0 0 0 0 0 0 0 0 0 0 0 0 0 0 0 0 0 0 0 0 0 0 0 0 0 0 0 0 0 0 0 0 0 0 0 0 0
0 0 0 0 0 0 0 0 0 0 0 0 0 0 0 0 0 0 0 0 0 0 0 0 0 0 0 0 0 0 0 0 0 0 0 0 0 0 0 0 0 0 0 0 0 0 0 0 0 0
0 0 0 0 0 0 0 0 0 0 0 0 0 0 0 0 0 0 0 0 0 0 0 0 0 0 0 0 0 0 0 0 0 0 0 0 0 0 0 0 0 0 0 0 0 0 0 0 0 0
0 0 0 0 0 0 0 0 0 0 0 0 0 0 0 0 0 0 0 0 0 0 0 0 0 0 0 0 0 0 0 0 0 0 0 0 0 0 0 0 0 0 0 0 0 0 0 0 0 0
0 0 0 0 0 0 0 0 0 0 0 0 0 0 0 0 0 0 0 0 0 0 0 0 0 0 0 0 0 0 0 0 0 0 0 0 0 0 0 0 0 0 0 0 0 0 0 0 0 0
0 0 0 0 0 0 0 0 0 0 0 0 0 0 0 0 0 0 0 0 0 0 0 0 0 0 0 0 0 0 0 0 0 0 0 0 0 0 0 0 0 0 0 0 0 0 0 0 0 0
0 0 0 0 0 0 0 0 0 0 0 0 0 0 0 0 0 0 0 0 0 0 0 0 0 0 0 0 0 0 0 0 0 0 0 0 0 0 0 0 0 0 0 0 0 0 0 0 0 0
0 0 0 0 0 0 0 0 0 0 0 0 0 0 0 0 0 0 0 0 0 0 0 0 0 0 0 0 0 0 0 0 0 0 0 0 0 0 0 0 0 0 0 0 0 0 0 0 0 0
0 0 0 0 0 0 0 0 0 0 0 0 0 0 0 0 0 0 0 0 0 0 0 0 0 0 0 0 0 0 0 0 0 0 0 0 0 0 0 0 0 0 0 0 0 0 0 0 0 0
0 0 0 0 0 0 0 0 0 0 0 0 0 0 0 0 0 0 0 0 0 0 0 0 0 0 0 0 0 0 0 0 0 0 0 0 0 0 0 0 0 0 0 0 0 0 0 0 0 0
0 0 0 0 0 0 0 0 0 0 0 0 0 0 0 0 0 0 0 0 0 0 0 0 0 0 0 0 0 0 0 0 0 0 0 0 0 0 0 0 0 0 0 0 0 0 0 0 0 0
0 0 0 0 0 0 0 0 0 0 0 0 0 0 0 0 0 0 0 0 0 0 0 0 0 0 0 0 0 0 0 0 0 0 0 0 0 0 0 0 0 0 0 0 0 0 0 0 0 0
0 0 0 0 0 0 0 0 0 0 0 0 0 0 0 0 0 0 0 0 0 0 0 0 0 0 0 0 0 0 0 0 0 0 0 0 0 0 0 0 0 0 0 0 0 0 0 0 0 0
0 0 0 0 0 0 0 0 0 0 0 0 0 0 0 0 0 0 0 0 0 0 0 0 0 0 0 0 0 0 0 0 0 0 0 0 0 0 0 0 0 0 0 0 0 0 0 0 0 0
0 0 0 0 0 0 0 0 0 0 0 0 0 0 0 0 0 0 0 0 0 0 0 0 0 0 0 0 0 0 0 0 0 0 0 0 0 0 0 0 0 0 0 0 0 0 0 0 0 0
0 0 0 0 0 0 0 0 0 0 0 0 0 0 0 0 0 0 0 0 0 0 0 0 0 0 0 0 0 0 0 0 0 0 0 0 0 0 0 0 0 0 0 0 0 0 0 0 0 0
0 0 0 0 0 0 0 0 0 0 0 0 0 0 0 0 0 0 0 0 0 0 0 0 0 0 0 0 0 0 0 0 0 0 0 0 0 0 0 0 0 0 0 0 0 0 0 0 0 0
0 0 0 0 0 0 0 0 0 0 0 0 0 0 0 0 0 0 0 0 0 0 0 0 0 0 0 0 0 0 0 0 0 0 0 0 0 0 0 0 0 0 0 0 0 0 0 0 0 0
0 0 0 0 0 0 0 0 0 0 0 0 0 0 0 0 0 0 0 0 0 0 0 0 0 0 0 0 0 0 0 0 0 0 0 0 0 0 0 0 0 0 0 0 0 0 0 0 0 0
0 0 0 0 0 0 0 0 0 0 0 0 0 0 0 0 0 0 0 0 0 0 0 0 0 0 0 0 0 0 0 0 0 0 0 0 0 0 0 0 0 0 0 0 0 0 0 0 0 0
0 0 0 0 0 0 0 0 0 0 0 0 0 0 0 0 0 0 0 0 0 0 0 0 0 0 0 0 0 0 0 0 0 0 0 0 0 0 0 0 0 0 0 0 0 0 0 0 0 0
0 0 0 0 0 0 0 0 0 0 0 0 0 0 0 0 0 0 0 0 0 0 0 0 0 0 0 0 0 0 0 0 0 0 0 0 0 0 0 0 0 0 0 0 0 0 0 0 0 0
0 0 0 0 0 0 0 0 0 0 0 0 0 0 0 0 0 0 0 0 0 0 0 0 0 0 0 0 0 0 0 0 0 0 0 0 0 0 0 0 0 0 0 0 0 0 0 0 0 0
0 0 0 0 0 0 0 0 0 0 0 0 0 0 0 0 0 0 0 0 0 0 0 0 0 0 0 0 0 0 0 0 0 0 0 0 0 0 0 0 0 0 0 0 0 0 0 0 0 0
0 0 0 0 0 0 0 0 0 0 0 0 0 0 0 0 0 0 0 0 0 0 0 0 0 0 0 0 0 0 0 0 0 0 0 0 0 0 0 0 0 0 0 0 0 0 0 0 0 0
0 0 0 0 0 0 0 0 0 0 0 0 0 0 0 0 0 0 0 0 0 0 0 0 0 0 0 0 0 0 0 0 0 0 0 0 0 0 0 0 0 0 0 0 0 0 0 0 0 0
0 0 0 0 0 0 0 0 0 0 0 0 0 0 0 0 0 0 0 0 0 0 0 0 0 0 0 0 0 0 0 0 0 0 0 0 0 0 0 0 0 0 0 0 0 0 0 0 0 0
0 0 0 0 0 0 0 0 0 0 0 0 0 0 0 0 0 0 0 0 0 0 0 0 0 0 0 0 0 0 0 0 0 0 0 0 0 0 0 0 0 0 0 0 0 0 0 0 0 0
0 0 0 0 0 0 0 0 0 0 0 0 0 0 0 0 0 0 0 0 0 0 0 0 0 0 0 0 0 0 0 0 0 0 0 0 0 0 0 0 0 0 0 0 0 0 0 0 0 0
0 0 0 0 0 0 0 0 0 0 0 0 0 0 0 0 0 0 0 0 0 0 0 0 0 0 0 0 0 0 0 0 0 0 0 0 0 0 0 0 0 0 0 0 0 0 0 0 0 0
0 0 0 0 0 0 0 0 0 0 0 0 0 0 0 0 0 0 0 0 0 0 0 0 0 0 0 0 0 0 0 0 0 0 0 0 0 0 0 0 0 0 0 0 0 0 0 0 0 0
12 3 
13 1 
19 2 
11 2 
16 5 
15 1 
13 1 
11 1 
10 3 
10 2 
20 2 
13 3 
19 2 
16 5 
12 3 
13 5 
11 2 
14 4 
13 1 
12 2 
17 1 
19 2 
14 1 
12 2 
13 1 
13 1 
17 2 
20 3 
11 2 
15 3 
19 1 
14 2 
18 1 
15 5 
18 1 
18 2 
18 1 
17 3 
16 1 
20 3 
15 2 
17 4 
12 3 
15 5 
13 2 
13 2 
11 2 
11 1 
17 4 
19 3 
5 4 5 0 3 0 2 3 3 1 5 0 4 0 1 5 4 3 1 3 0 1 3 5 0 1 2 0 5 2 3 2 2 3 3 1 5 0 5 0 1 4 4 4 4 1 4 2 1 5
1 5 5 4 1 1 2 2 5 4 3 2 4 0 4 2 5 2 2 4 0 1 0 3 4 2 4 3 4 4 0 0 0 5 0 4 1 5 1 1 3 3 1 0 0 3 1 5 1 2
0 4 2 1 1 4 5 5 1 3 0 2 4 3 0 4 2 0 3 4 4 2 0 1 0 2 3 2 3 4 4 2 1 3 3 2 2 4 1 1 1 1 2 2 0 3 0 0 3 0
4 2 3 4 1 2 1 3 4 2 2 0 0 2 5 0 1 0 0 1 2 0 5 4 0 0 3 2 4 5 2 5 5 2 2 2 5 4 3 0 2 4 5 4 1 2 4 2 5 5
3 1 4 4 4 3 1 2 3 0 2 4 0 1 0 2 0 3 3 4 3 4 0 2 5 4 1 5 1 3 2 0 0 5 5 1 4 0 1 1 1 1 5 3 3 3 3 4 3 0
4 0 2 3 2 1 4 4 3 4 0 0 2 4 0 3 1 4 2 5 3 4 0 4 4 3 4 4 3 3 3 1 4 4 1 0 4 0 4 3 2 2 4 4 2 1 1 5 5 5
4 1 0 3 3 2 3 1 2 3 4 5 5 1 4 1 0 5 4 2 0 5 2 5 4 3 5 0 1 1 0 3 1 5 4 2 4 2 3 4 4 0 0 1 2 2 1 0 4 1
0 3 4 5 1 5 0 4 1 3 0 4 3 5 3 4 3 5 1 0 3 5 5 0 0 1 4 0 3 3 5 2 0 3 5 4 3 0 1 3 1 3 2 4 0 0 1 1 2 1
3 3 1 2 3 3 0 5 2 2 5 2 3 2 3 2 5 4 2 3 2 2 5 2 0 2 4 4 2 3 3 0 0 1 5 0 2 1 2 2 4 2 5 5 4 0 2 1 5 4
2 2 5 4 5 2 5 2 3 1 4 3 0 4 3 3 4 3 2 5 4 4 4 1 0 3 1 3 5 0 4 2 5 1 4 3 0 3 1 2 3 3 5 2 5 3 0 4 4 3
0 3 0 3 4 0 5 2 0 2 2 0 1 4 1 3 3 4 0 2 0 5 5 5 0 4 0 2 0 3 5 2 1 4 1 1 4 3 3 5 3 4 1 5 3 4 0 3 4 5
0 1 4 5 1 0 4 5 2 4 1 5 2 4 3 5 1 0 2 3 5 0 0 2 4 1 0 3 0 0 0 0 1 2 0 5 4 5 3 1 2 2 0 2 3 4 0 2 4 3
5 5 4 5 5 1 2 3 1 0 0 0 4 3 4 2 1 1 5 4 4 2 5 3 5 1 1 2 3 4 3 1 5 5 5 1 4 3 3 3 2 3 4 3 3 0 1 4 3 2
5 5 0 4 2 4 5 5 5 5 4 5 3 3 3 3 0 5 0 2 0 4 2 4 4 1 1 1 1 2 2 2 4 5 3 4 2 2 2 1 4 2 1 3 5 5 1 4 4 4
0 3 1 0 3 3 2 4 5 0 2 3 2 3 0 2 2 5 4 3 4 1 1 4 0 3 2 1 1 5 2 1 1 5 5 0 0 5 0 1 2 3 5 3 3 0 3 2 5 2
5 2 3 4 3 1 5 0 3 2 1 5 4 4 0 5 3 0 2 1 5 3 5 1 5 4 4 5 2 3 2 3 5 4 3 3 3 5 5 2 0 2 5 1 5 4 3 3 5 2
3 5 1 4 3 5 3 0 0 4 2 1 3 0 0 2 5 2 1 0 0 2 3 5 1 3 3 3 2 5 0 5 2 1 0 5 4 3 1 3 0 3 5 1 3 5 5 0 1 0
0 1 0 1 4 2 1 2 2 5 5 2 5 0 1 4 4 4 2 2 0 2 0 5 0 1 3 4 2 0 2 0 5 5 1 2 3 0 2 1 5 0 4 3 4 3 5 1 2 2
0 3 0 4 5 1 0 5 1 5 1 2 0 4 5 1 0 2 3 1 4 2 0 0 5 4 5 0 0 0 3 4 1 1 0 3 5 1 1 1 3 2 1 2 2 5 4 4 5 3
4 0 1 5 2 2 4 3 2 1 4 3 0 2 4 5 4 1 2 1 2 4 3 3 5 2 5 1 3 2 0 3 4 5 4 0 0 5 1 3 0 0 5 5 0 5 3 3 0 0
17 17 17 17 17 17 17 17 17 17 17 17 17 17 17 17 17 17 17 17 17 17 17 17 17 17 17 17 17 17 17 17 17 17 17 17 17 17 17 17 17 17 17 17 17 17 17 17 17 17